Model config for current run:
ModelConfig(model_name='MamBra', embedding_dimension=128, reduced_embedding_dimension=16, number_of_heads=None, max_length=512, forward_expansion=0.25, num_layers=1, vocab_size=4096)
LR: 0.005
EPOCHS: 10

*******************************************

average eval loss:  0.8061
Accuracy: 0.780
F1: 0.772
Precision: 0.786
Recall: 0.780
MCC: 0.755
Confusion matrix:
 [[  0   3   0  15   0   1   3   0   0   0  42   0   0   0   1   1   0   2]
 [  0  34   0   0   2   1   1   0   0   0   0   1   0   0   0   0   0   0]
 [  0   4 122   0   3   2   1   0   0   0   3   0   1   1   0   1   4   0]
 [  0   0   2 265   1   7   4   0   0   0  12   1   0   7   0   0   0   2]
 [  0   5   2   1 221   2   2   0   0   1   3   5   0   1   0   0   5   0]
 [  0  10   1   9   3 529   8   0   1   0   9  26   0   6   1   2   3   0]
 [  0   0   0   2   0   3  56   0   0   0   9   2   0   1   1   0   0   0]
 [  0   0   1   1   0   0   5  35   0   0   3   1   0   3   0   0   4   0]
 [  0   1   0   2   1   1   8   0  61   0   1   7   0   2   0   1   2   0]
 [  0   1   1   2  24   4   2   1   0  19   2   7   0   0   0   0   1   0]
 [  0   1   0   2   0   1   4   0   0   0  77   1   0   1   1   0   0   0]
 [  0   4   0   3   2  19   6   0   5   0   4 170   2   7   4   1   5   0]
 [  0   1   1   2   0   2   1   0   2   0   2   2  71   0   0   1   2   0]
 [  0   0   0  23   1   2   3   0   0   0   3   5   0  22   1   0   2   1]
 [  0   4   0   1   0   5   5   1   1   0   3   7   0   3  11   0   0   0]
 [  0   0   6   8   2   1   3   0   0   0   3   4   0   1   1 143   1   0]
 [  0   1   1   2   0   0   2   0   0   0   2   2   0   2   2   1  98   0]
 [  0   0   1   7   0   2   1   1   1   0   2   1   0   3   0   0   1  71]]
('Model params: 0.148M', 'Model buffers: 0.000M', 'Model size: 0.564MB')

*******************************************

average eval loss:  0.6245
Accuracy: 0.841
F1: 0.839
Precision: 0.842
Recall: 0.841
MCC: 0.821
Confusion matrix:
 [[ 63   0   0   3   0   0   0   0   1   0   0   1   0   0   0   0   0   0]
 [  0  29   0   0   3   6   0   0   0   0   1   0   0   0   0   0   0   0]
 [  0   0 128   1   2   8   0   0   0   0   2   0   0   1   0   0   0   0]
 [  1   0   0 267   3   9   4   0   1   1   3   5   0   2   1   3   0   1]
 [  0   0   1   0 220  10   0   0   0   8   0   2   0   1   1   0   3   2]
 [  0   2   2   9   2 541   2   0   6   0  10  21   0   3   3   0   6   1]
 [  0   0   0   8   0   3  59   0   0   0   2   2   0   0   0   0   0   0]
 [  0   0   0   0   2   1   1  35   0   0   3   2   0   5   2   2   0   0]
 [  0   0   0   5   0   6   1   2  61   0   1   6   0   2   1   1   1   0]
 [  0   0   0   1  13   3   0   0   0  41   1   2   0   0   2   0   1   0]
 [  0   0   0   5   0   1   1   0   0   0  79   1   0   0   1   0   0   0]
 [  0   0   0   3   0  23   1   0   2   0   3 189   2   4   2   1   2   0]
 [  0   0   0   2   0   6   0   0   1   0   0   2  73   0   0   2   1   0]
 [  0   0   0  13   0   5   3   1   0   0   3   7   0  23   2   0   4   2]
 [  0   0   0   1   1   8   0   0   0   0   0   3   0   2  24   0   1   1]
 [  0   0   1   2   1   4   0   0   0   0   2   5   1   1   0 154   2   0]
 [  0   0   0   3   0   5   2   0   0   0   1   3   0   2   0   1  96   0]
 [  0   0   0   3   0   3   0   2   0   0   1   1   0   0   0   1   0  80]]
('Model params: 0.148M', 'Model buffers: 0.000M', 'Model size: 0.564MB')

*******************************************

average eval loss:  0.6070
Accuracy: 0.834
F1: 0.834
Precision: 0.839
Recall: 0.834
MCC: 0.814
Confusion matrix:
 [[ 54   0   0   3   0   1   4   2   0   0   0   1   1   0   0   0   0   2]
 [  0  33   0   0   1   2   0   1   0   0   0   0   1   0   0   0   0   1]
 [  0   3 127   2   3   4   0   1   0   1   0   0   0   1   0   0   0   0]
 [  2   1   0 268   1   6   2   1   0   0   0   9   0   4   0   1   3   3]
 [  0   0   2   5 218   5   0   1   1   6   0   5   0   1   0   1   1   2]
 [  2   2   0  10   4 531   3   2   1   0   7  22   3   7   6   1   7   0]
 [  0   0   0   4   0   2  61   2   0   0   0   3   0   1   0   0   0   1]
 [  0   4   0   0   0   2   0  33   1   0   0   1   1   5   1   1   1   3]
 [  0   2   0   5   1   5   4   0  56   0   0   5   2   3   2   1   1   0]
 [  0   1   0   3  11   6   1   0   0  37   0   1   1   1   0   0   1   1]
 [  0   0   0   2   0   5   1   0   0   0  75   2   0   1   0   0   1   1]
 [  1   1   0   7   1  16   4   0   1   0   1 184   0   9   2   1   4   0]
 [  0   0   0   0   0   3   1   0   1   0   0   2  78   0   0   1   1   0]
 [  0   0   0  17   0   6   1   0   0   0   1   3   1  30   0   0   3   1]
 [  0   0   0   1   1   4   0   1   0   0   0   5   0   4  24   0   0   1]
 [  0   0   0   2   0   5   0   0   0   0   2   7   0   1   0 153   2   1]
 [  0   0   0   0   0   5   0   0   0   0   0   4   0   2   0   1 101   0]
 [  0   0   0   3   0   2   0   2   0   0   0   1   0   1   0   0   1  81]]
('Model params: 0.148M', 'Model buffers: 0.000M', 'Model size: 0.564MB')

*******************************************

average eval loss:  0.6374
Accuracy: 0.827
F1: 0.826
Precision: 0.829
Recall: 0.827
MCC: 0.806
Confusion matrix:
 [[ 59   1   0   3   0   1   0   0   0   0   0   0   2   0   0   0   0   2]
 [  0  28   0   0   4   3   0   0   1   0   2   0   1   0   0   0   0   0]
 [  1   6 124   0   1   2   0   0   2   1   2   0   0   1   0   1   0   1]
 [  1   0   0 260   0  13   8   0   0   0   1   6   0   4   0   2   5   1]
 [  0   2   2   1 215   7   0   0   4   7   0   1   2   0   2   1   2   2]
 [  0   1   0  11   2 548   5   3   3   0   5  13   3   5   4   0   5   0]
 [  0   0   0   6   0   3  61   0   0   0   0   2   0   2   0   0   0   0]
 [  0   0   0   2   1   3   0  22   0   0   0   5   1  15   2   1   1   0]
 [  0   0   0   1   1   9   1   0  61   1   2   4   1   2   3   1   0   0]
 [  0   0   0   1  13   3   0   1   2  35   0   1   4   0   2   0   1   1]
 [  0   1   0   1   0   1   1   0   0   0  81   3   0   0   0   0   0   0]
 [  0   2   1   4   0  20   4   3   4   0   2 183   1   3   3   0   2   0]
 [  0   0   0   1   0   3   0   0   3   0   0   4  67   0   6   3   0   0]
 [  0   0   0  14   0   6   2   4   0   0   0   8   0  26   0   0   3   0]
 [  0   1   0   0   0   3   0   2   0   0   0   8   0   2  25   0   0   0]
 [  2   1   0   0   0   1   0   0   0   0   4   4   2   1   0 157   1   0]
 [  0   1   0   3   0   3   2   0   0   0   0   5   0   2   0   1  96   0]
 [  0   0   0   2   0   4   0   1   0   0   0   4   0   1   0   0   1  78]]
('Model params: 0.148M', 'Model buffers: 0.000M', 'Model size: 0.564MB')

*******************************************

average eval loss:  0.6800
Accuracy: 0.814
F1: 0.815
Precision: 0.828
Recall: 0.814
MCC: 0.793
Confusion matrix:
 [[ 59   0   3   2   0   0   0   0   0   0   0   2   0   1   0   1   0   0]
 [  0  27   3   2   1   5   0   0   0   1   0   0   0   0   0   0   0   0]
 [  2   1 130   0   0   4   0   0   0   0   2   2   0   1   0   0   0   0]
 [  1   0   1 268   0   4   4   0   0   0   1  16   0   2   0   2   0   2]
 [  0   0   4   6 208   5   2   0   1  13   0   5   0   1   0   0   2   1]
 [  0   1  12   8   2 527   2   0   1   0   4  41   1   6   1   0   2   0]
 [  0   0   6   6   0   1  48   0   0   0   5   6   0   0   0   0   2   0]
 [  0   0   6   1   1   0   1  31   0   0   0   4   1   5   0   1   2   0]
 [  0   0   7   2   0  11   1   0  53   0   0  10   2   0   0   1   0   0]
 [  0   1   0   3  12   3   0   0   1  36   0   7   0   0   0   0   0   1]
 [  0   0   1   0   0   2   0   0   0   0  81   4   0   0   0   0   0   0]
 [  1   0   5   3   1  23   0   0   1   0   0 184   1   8   0   1   4   0]
 [  0   1   3   3   0   1   0   3   2   0   0   4  67   0   0   2   1   0]
 [  0   0   2  15   0   3   1   0   0   0   1   9   0  27   0   0   3   2]
 [  0   0   1   3   0   2   1   1   0   0   0   9   0   0  22   0   1   1]
 [  0   0   2   3   1   1   0   2   0   0   0  10   0   0   0 153   1   0]
 [  0   0   3   1   0   1   0   0   0   0   1   8   0   2   0   1  96   0]
 [  0   0   1   2   0   4   0   2   0   0   1   1   0   1   0   1   1  77]]
('Model params: 0.148M', 'Model buffers: 0.000M', 'Model size: 0.564MB')

*******************************************

**************************************************
==================================================
**************************************************
