MODEL: Mamba
DATASET: dbpedia
VOCAB_SIZE: 4096
EMBED_DIM: 128
FORWARD_EXPANSION: 2
MAX_LENGTH: 512
LAYERS: 1
REDUCED_EMBEDDING_DIM: 16
LR: 0.01
EPOCHS: 5

average eval loss: 0.05321945897299265
Accuracy: 0.9857
F1 (weighted): 0.9857092229019634
Precision (weighted): 0.9857332177563141
Recall (weighted): 0.9857
MCC: 0.9846011347805113
Confusion matrix:
 [[4816   44    9    2    5   29   52    5    0    0    3    4    2   29]
 [  35 4933    2    1    4    0   22    0    1    0    0    0    0    2]
 [   5    2 4901    7   65    1    3    1    0    2    0    5    0    8]
 [   1    1   19 4959   17    2    0    0    0    0    0    0    0    1]
 [   7    7   80   10 4891    1    2    0    0    0    0    0    0    2]
 [  21    0    2    0    2 4953   15    3    0    2    0    0    0    2]
 [  51   40    1    0    3   13 4870   17    2    2    0    0    0    1]
 [   1    0    2    0    1    0   28 4962    3    2    1    0    0    0]
 [   0    5    0    0    1    0   14    9 4971    0    0    0    0    0]
 [   3    0    3    0    1    3    0    1    0 4972   17    0    0    0]
 [  12    0    1    1    0    2    1    2    0   25 4956    0    0    0]
 [   3    0    8    0    0    2    0    0    0    0    0 4965    6   16]
 [   5    1    9    0    0    1    1    0    0    0    0   25 4920   38]
 [  29    7   13    0    1    2    2    1    0    0    1    3   11 4930]]
('Model params: 0.186M', 'Model buffers: 0.000M', 'Model size: 0.710MB')

*******************************************

MODEL: Mamba
DATASET: dbpedia
VOCAB_SIZE: 4096
EMBED_DIM: 128
FORWARD_EXPANSION: 2
MAX_LENGTH: 512
LAYERS: 1
REDUCED_EMBEDDING_DIM: 16
LR: 0.01
EPOCHS: 5

average eval loss: 0.05524650219028945
Accuracy: 0.9857857142857143
F1 (weighted): 0.9857888868413816
Precision (weighted): 0.9858015990503627
Recall (weighted): 0.9857857142857143
MCC: 0.9846930432907481
Confusion matrix:
 [[4812   31   10    2    2   43   53    3    0    3    3    4    3   31]
 [  43 4899    4    0    7    1   42    0    1    0    0    0    0    3]
 [  11    1 4874   15   70    0    9    0    0    2    0    9    2    7]
 [   2    0   16 4975    5    0    0    0    0    1    0    0    0    1]
 [   7    2   71   16 4894    3    3    0    0    2    0    0    0    2]
 [  18    0    0    1    1 4962   12    0    0    0    0    1    4    1]
 [  47   18    2    0    2   16 4885   21    2    3    0    0    1    3]
 [   2    0    0    0    0    1   25 4963    5    0    3    0    0    1]
 [   0    0    0    0    0    0    8    7 4985    0    0    0    0    0]
 [   2    0    0    0    0    4    0    2    0 4972   18    0    1    1]
 [  12    0    1    0    0    4    0    1    0   29 4953    0    0    0]
 [   3    0    4    1    0    4    0    0    0    0    0 4962   18    8]
 [   9    0    1    0    0    1    1    0    0    0    0   15 4947   26]
 [  35    3   11    0    1    2    4    0    0    0    2    4   16 4922]]
('Model params: 0.186M', 'Model buffers: 0.000M', 'Model size: 0.710MB')

*******************************************

MODEL: Mamba
DATASET: dbpedia
VOCAB_SIZE: 4096
EMBED_DIM: 128
FORWARD_EXPANSION: 2
MAX_LENGTH: 512
LAYERS: 1
REDUCED_EMBEDDING_DIM: 16
LR: 0.01
EPOCHS: 5

average eval loss: 0.06369533712830001
Accuracy: 0.9828142857142858
F1 (weighted): 0.9828276025533889
Precision (weighted): 0.9828552050777181
Recall (weighted): 0.9828142857142858
MCC: 0.9814934011412796
Confusion matrix:
 [[4797   29   18    4    5   35   52    2    1    0    0    3    7   47]
 [  49 4903    1    0    7    2   35    0    1    0    0    0    0    2]
 [   7    1 4871   14   81    3    5    0    0    1    0    7    1    9]
 [   1    0   24 4951   19    3    0    1    0    0    1    0    0    0]
 [   6    2   73   24 4883    4    4    0    0    0    0    1    0    3]
 [  30    1    1    0    1 4948   12    1    0    0    0    0    2    4]
 [  62   30    5    0    2   26 4853    9    8    2    0    0    0    3]
 [   5    1    1    0    0    1   51 4925   12    0    2    0    0    2]
 [   0    1    0    0    0    0    9    3 4986    0    0    0    1    0]
 [   4    0    2    0    1    6    5    6    1 4918   56    0    0    1]
 [  11    1    1    1    1    2    2    2    0   30 4948    0    0    1]
 [   5    0    9    1    0    2    0    0    0    0    0 4951   24    8]
 [   6    0    3    0    0    2    2    0    0    0    0   12 4948   27]
 [  33    5   16    1    0    4    5    0    0    1    0    7   13 4915]]
('Model params: 0.186M', 'Model buffers: 0.000M', 'Model size: 0.710MB')

*******************************************

MODEL: Mamba
DATASET: dbpedia
VOCAB_SIZE: 4096
EMBED_DIM: 128
FORWARD_EXPANSION: 2
MAX_LENGTH: 512
LAYERS: 1
REDUCED_EMBEDDING_DIM: 16
LR: 0.01
EPOCHS: 5

average eval loss: 0.06448805549701717
Accuracy: 0.9823714285714286
F1 (weighted): 0.9823433152515216
Precision (weighted): 0.9823670874108716
Recall (weighted): 0.9823714285714286
MCC: 0.9810193932197412
Confusion matrix:
 [[4711   50   14    3   10   78   67    4    0    4    9    4    4   42]
 [  31 4930    1    0    5    3   27    0    2    0    0    0    0    1]
 [   8    0 4817   23  106    2    4    3    0    1    1   14    3   18]
 [   1    0   22 4952   21    1    0    1    0    1    0    0    0    1]
 [   4    5   58   16 4908    1    3    0    1    0    0    0    2    2]
 [  13    0    0    2    1 4964   11    4    0    1    0    0    2    2]
 [  40   31    0    0    8   25 4856   26    3    2    1    0    1    7]
 [   3    2    0    0    0    1   26 4954    9    1    0    0    0    4]
 [   1    0    0    0    1    0    7   14 4976    0    0    0    0    1]
 [   0    0    1    1    0    1    0    4    0 4952   38    0    0    3]
 [  12    0    2    1    0    3    0    3    0   43 4936    0    0    0]
 [   4    0    5    0    0    2    0    0    0    0    0 4959   15   15]
 [   3    0    4    0    0    4    2    0    0    1    0   20 4939   27]
 [  33    5   10    2    3    3    4    2    0    1    1    6   18 4912]]
('Model params: 0.186M', 'Model buffers: 0.000M', 'Model size: 0.710MB')

*******************************************

MODEL: Mamba
DATASET: dbpedia
VOCAB_SIZE: 4096
EMBED_DIM: 128
FORWARD_EXPANSION: 2
MAX_LENGTH: 512
LAYERS: 1
REDUCED_EMBEDDING_DIM: 16
LR: 0.01
EPOCHS: 5

average eval loss: 0.056448822913874326
Accuracy: 0.9849857142857142
F1 (weighted): 0.9849963746443534
Precision (weighted): 0.9850172010403279
Recall (weighted): 0.9849857142857142
MCC: 0.9838315554314208
Confusion matrix:
 [[4820   33   11    1    5   27   54    5    1    3    5    3    4   28]
 [  44 4914    2    0    6    1   29    2    1    0    0    0    0    1]
 [  12    1 4883   18   63    0    5    0    0    1    1    7    2    7]
 [   4    1   19 4963   13    0    0    0    0    0    0    0    0    0]
 [  10    4   76   16 4885    1    3    0    1    1    0    0    0    3]
 [  27    0    2    1    2 4946   13    3    0    1    0    1    1    3]
 [  51   29    1    1    3   14 4869   21    7    1    0    1    0    2]
 [   1    1    1    0    1    0   12 4977    4    1    1    0    0    1]
 [   0    1    0    0    1    0   11    9 4978    0    0    0    0    0]
 [   5    0    1    1    0    2    0    2    0 4935   53    0    0    1]
 [  13    0    3    0    0    4    0    2    0   16 4962    0    0    0]
 [   7    0    1    0    0    1    0    0    0    0    0 4969    8   14]
 [  11    0    1    0    1    2    3    0    0    0    0   21 4937   24]
 [  45    7   11    0    1    1    4    1    0    0    2    5   12 4911]]
('Model params: 0.186M', 'Model buffers: 0.000M', 'Model size: 0.710MB')

*******************************************

**************************************************
==================================================
**************************************************
