MODEL: Mamba
DATASET: nlu
VOCAB_SIZE: 4096
EMBED_DIM: 128
FORWARD_EXPANSION: 2
MAX_LENGTH: 512
LAYERS: 1
REDUCED_EMBEDDING_DIM: 16
LR: 0.01
EPOCHS: 5

average eval loss: 0.5509853277887616
Accuracy: 0.8516504854368933
F1 (weighted): 0.8514396457369322
Precision (weighted): 0.8555319841449188
Recall (weighted): 0.8516504854368933
MCC: 0.8346092978918926
Confusion matrix:
 [[ 62   0   0   0   0   1   0   0   0   0   0   2   0   0   0   1   0   1]
 [  0  32   0   0   1   1   4   0   0   0   0   2   0   0   0   0   0   0]
 [  0   0  26   0   0   8   0   4   0   0   0   8   0   1   0   1   0   2]
 [  0   0   0  96   0   3   2   1   0   1   0   0   0   1   0   1   0   3]
 [  0   0   0   0  57   1   0   0   0   0   0   0   0   1   0   0   0   4]
 [  4   0   2   0   0 527   7   5   1   3   1  22   2   2   0   3   2   8]
 [  1   0   0   1   1   5 222   1   0   8   2   3   0   3   0   0   1   1]
 [  1   0   1   1   0   4   2  56   0   1   0   3   1   1   0   0   3   7]
 [  2   0   0   0   0   5   1   2  27   0   0   0   1   0   0   0   0   0]
 [  0   0   0   2   0   3  14   0   0  34   0   5   0   2   0   0   1   1]
 [  0   0   0   0   0   5   5   1   1   0 116   1   0   1   0   1   2   0]
 [  4   0   0   2   0  16   1   6   0   2   1 192   0   1   0   1   1   1]
 [  1   0   1   3   0   2   0   0   0   0   0   1  73   3   0   0   2   2]
 [  0   0   0   0   0   3   3   0   0   0   0   4   2 167   0   1   1   1]
 [  2   0   1   0   0   1   0   6   1   1   0   2   1   0  82   0   0   2]
 [  1   0   0   0   0   2   1   2   0   0   0   0   0   1   2 103   2   5]
 [  1   0   0   0   0   3   1   1   1   0   1   5   0   1   0   0  56   0]
 [  5   0   1   5   1   6   2   8   0   2   0   4   0   6   1   2   1 265]]
('Model params: 0.187M', 'Model buffers: 0.000M', 'Model size: 0.712MB')

*******************************************

MODEL: Mamba
DATASET: nlu
VOCAB_SIZE: 4096
EMBED_DIM: 128
FORWARD_EXPANSION: 2
MAX_LENGTH: 512
LAYERS: 1
REDUCED_EMBEDDING_DIM: 16
LR: 0.01
EPOCHS: 5

average eval loss: 0.5423845875830877
Accuracy: 0.8598058252427184
F1 (weighted): 0.8582147701561934
Precision (weighted): 0.8613768901446184
Recall (weighted): 0.8598058252427184
MCC: 0.8435955996217535
Confusion matrix:
 [[ 56   0   0   0   0   2   0   0   0   0   0   2   0   1   2   1   0   3]
 [  0  34   0   0   0   2   3   0   0   0   0   1   0   0   0   0   0   0]
 [  0   0  34   0   0   1   1   3   0   0   0   2   1   1   2   2   0   3]
 [  0   1   0  91   0   1   3   0   2   1   1   3   0   1   0   0   0   4]
 [  0   0   0   0  57   2   0   0   0   0   0   0   0   0   0   0   0   4]
 [  3   0   1   1   0 538   9   0   1   1   0  23   0   0   2   2   3   5]
 [  2   2   0   2   0   5 227   0   0   4   0   3   0   0   1   0   0   3]
 [  0   0   1   0   1   3   2  57   2   1   0   4   0   0   1   0   4   5]
 [  0   0   1   0   0   1   0   1  28   0   0   1   2   0   0   0   3   1]
 [  1   0   0   1   0   6  21   0   0  25   1   5   1   0   0   0   0   1]
 [  0   3   0   0   0   4   4   0   0   0 120   1   0   0   0   1   0   0]
 [  3   0   0   1   0  15   5   2   0   1   1 190   0   3   1   1   3   2]
 [  0   0   1   2   0   2   1   0   0   0   0   1  71   2   1   1   4   2]
 [  0   0   0   2   1   2   1   0   0   0   0   6   1 163   0   1   0   5]
 [  1   0   2   1   0   3   0   3   0   0   0   5   0   0  83   1   0   0]
 [  2   0   1   0   0   4   1   0   0   0   1   0   0   0   1 109   0   0]
 [  0   0   0   0   0   2   2   1   0   0   0   7   0   1   0   0  57   0]
 [  2   0   0   3   1   9   3   5   1   1   0   5   0   4   1   0   0 274]]
('Model params: 0.187M', 'Model buffers: 0.000M', 'Model size: 0.712MB')

*******************************************

MODEL: Mamba
DATASET: nlu
VOCAB_SIZE: 4096
EMBED_DIM: 128
FORWARD_EXPANSION: 2
MAX_LENGTH: 512
LAYERS: 1
REDUCED_EMBEDDING_DIM: 16
LR: 0.01
EPOCHS: 5

average eval loss: 0.5012689651477904
Accuracy: 0.8636893203883496
F1 (weighted): 0.8619888168277582
Precision (weighted): 0.8646294746891592
Recall (weighted): 0.8636893203883496
MCC: 0.8477995435694662
Confusion matrix:
 [[ 59   0   0   0   0   1   1   0   0   0   0   1   0   0   1   0   0   4]
 [  0  30   0   0   0   1   5   0   0   1   2   1   0   0   0   0   0   0]
 [  0   0  32   0   0  13   0   0   0   0   1   1   0   0   0   3   0   0]
 [  0   0   0  91   0   4   3   2   1   1   0   0   1   1   0   0   0   4]
 [  0   0   0   0  58   1   1   0   0   0   0   0   0   0   0   0   0   3]
 [  1   0   3   1   0 533   9   4   1   0   1  16   4   1   2   5   2   6]
 [  2   0   0   2   2   4 231   1   0   5   0   1   0   0   0   0   0   1]
 [  0   0   0   0   0   4   2  56   4   0   0   1   0   0   2   0   2  10]
 [  0   0   0   0   0   4   0   0  28   0   0   3   1   0   0   0   1   1]
 [  0   1   0   0   0   5  22   0   0  29   0   2   0   0   0   1   0   2]
 [  0   0   0   1   0   4   6   0   0   1 119   1   0   1   0   0   0   0]
 [  2   1   0   1   0  12   3   0   0   1   1 194   1   1   3   1   4   3]
 [  0   0   1   1   0   5   1   0   0   1   0   0  73   3   0   0   3   0]
 [  0   0   0   1   0   3   2   1   0   0   0   1   0 162   1   1   2   8]
 [  3   0   0   0   0   2   0   2   0   0   0   1   0   0  89   1   0   1]
 [  0   0   0   0   0   5   0   3   0   0   1   1   0   0   0 103   0   6]
 [  1   0   0   1   0   5   0   2   0   0   0   1   0   1   0   0  58   1]
 [  3   0   1   3   1   7   3   6   0   0   0   2   0   2   1   1   0 279]]
('Model params: 0.187M', 'Model buffers: 0.000M', 'Model size: 0.712MB')

*******************************************

MODEL: Mamba
DATASET: nlu
VOCAB_SIZE: 4096
EMBED_DIM: 128
FORWARD_EXPANSION: 2
MAX_LENGTH: 512
LAYERS: 1
REDUCED_EMBEDDING_DIM: 16
LR: 0.01
EPOCHS: 5

average eval loss: 0.5305997842834109
Accuracy: 0.8633009708737864
F1 (weighted): 0.8631182636331681
Precision (weighted): 0.866583332345271
Recall (weighted): 0.8633009708737864
MCC: 0.8476906445721469
Confusion matrix:
 [[ 61   0   0   0   0   0   0   0   0   0   0   1   0   0   1   3   0   1]
 [  1  31   0   0   1   3   1   0   0   0   2   1   0   0   0   0   0   0]
 [  0   0  39   0   0   3   0   2   0   0   1   4   0   0   0   1   0   0]
 [  0   0   0  92   0   5   1   0   1   0   1   2   2   1   0   1   0   2]
 [  1   0   0   0  58   0   0   0   0   0   0   0   0   1   0   0   0   3]
 [  4   0   3   0   0 527   4   3   0   2   1  25   2   2   0   6   2   8]
 [  3   2   0   1   1   8 220   0   0  10   1   1   1   0   0   0   0   1]
 [  1   0   2   0   0   5   1  50   1   0   0   6   0   0   1   2   4   8]
 [  0   0   0   0   0   3   0   1  29   0   1   1   2   0   0   0   0   1]
 [  0   0   1   1   0   6  11   0   0  37   0   3   1   0   0   1   1   0]
 [  1   0   0   2   0   6   1   0   1   0 120   1   0   0   0   0   1   0]
 [  1   0   2   2   0  11   1   1   0   2   1 201   0   1   0   3   2   0]
 [  0   0   0   0   0   0   0   0   1   1   0   1  76   2   1   1   3   2]
 [  0   1   0   0   0   5   0   1   0   0   0   1   2 166   0   3   0   3]
 [  1   0   0   0   0   3   0   3   0   0   0  11   1   0  78   2   0   0]
 [  1   0   1   0   0   3   1   0   0   0   0   2   0   4   0 106   1   0]
 [  1   0   0   0   0   1   0   2   0   0   0   8   0   1   0   0  56   1]
 [  1   0   1   3   0   8   1   1   0   1   0   5   0   3   1   7   1 276]]
('Model params: 0.187M', 'Model buffers: 0.000M', 'Model size: 0.712MB')

*******************************************

MODEL: Mamba
DATASET: nlu
VOCAB_SIZE: 4096
EMBED_DIM: 128
FORWARD_EXPANSION: 2
MAX_LENGTH: 512
LAYERS: 1
REDUCED_EMBEDDING_DIM: 16
LR: 0.01
EPOCHS: 5

average eval loss: 0.5134257283948717
Accuracy: 0.8613592233009709
F1 (weighted): 0.8595302219932328
Precision (weighted): 0.8648246618391211
Recall (weighted): 0.8613592233009709
MCC: 0.8456595838117994
Confusion matrix:
 [[ 57   0   0   0   0   0   0   0   0   0   0   5   0   0   0   4   0   1]
 [  0  33   0   0   0   2   1   0   0   0   1   1   0   2   0   0   0   0]
 [  0   1  36   0   2   3   1   2   0   0   0   4   0   0   0   0   0   1]
 [  0   0   0  93   0   3   2   1   0   2   2   1   1   0   0   0   0   3]
 [  0   1   0   0  58   0   0   0   0   0   0   1   0   0   0   1   0   2]
 [  0   0   2   1   0 533   3   1   0   1   0  30   3   1   1   4   2   7]
 [  1   1   0   2   1   3 232   1   0   6   0   1   0   0   1   0   0   0]
 [  2   0   1   2   0   0   2  46   0   1   0   6   0   1   3   1   2  14]
 [  0   0   1   0   0   5   0   0  23   0   0   1   4   4   0   0   0   0]
 [  0   2   0   2   1   0  20   1   0  29   0   5   2   0   0   0   0   0]
 [  0   2   0   3   0   2   6   0   0   0 119   0   0   1   0   0   0   0]
 [  1   0   1   0   0  11   1   0   0   0   2 204   0   0   2   3   0   3]
 [  1   0   0   1   0   2   2   0   0   0   0   0  77   1   1   0   2   1]
 [  0   1   0   1   1   6   0   1   0   0   0   6   1 160   0   0   0   5]
 [  4   0   1   2   0   0   1   0   0   0   0   6   0   0  85   0   0   0]
 [  3   0   0   0   0   3   0   0   0   0   1   0   0   0   0 111   0   1]
 [  0   0   0   0   0   3   3   1   0   0   1  10   0   1   0   0  51   0]
 [  3   1   1   1   1   8   1   5   0   1   2   7   1   2   1   3   0 271]]
('Model params: 0.187M', 'Model buffers: 0.000M', 'Model size: 0.712MB')

*******************************************

**************************************************
==================================================
**************************************************
