Model config for current run:
ModelConfig(model_name='Mamba', embedding_dimension=64, reduced_embedding_dimension=16, number_of_heads=None, max_length=512, forward_expansion=3, num_layers=2, vocab_size=4096)
LR: 0.005
EPOCHS: 10

*******************************************

average eval loss:  0.0507
Accuracy: 0.987
F1: 0.987
Precision: 0.987
Recall: 0.987
MCC: 0.986
Confusion matrix:
 [[4872   33    5    0    7   22   36    2    0    3    0    3    2   15]
 [  52 4916    0    0    6    0   21    1    1    0    1    0    0    2]
 [  21    3 4865    8   94    2    0    0    0    1    0    2    0    4]
 [   8    1   11 4958   21    1    0    0    0    0    0    0    0    0]
 [  10    3   45    6 4929    1    4    0    0    0    0    1    0    1]
 [  26    0    0    0    0 4965    5    1    0    1    0    0    1    1]
 [  66   26    1    1    1   21 4861   18    2    1    1    0    0    1]
 [   8    0    0    0    0    2   15 4969    3    2    1    0    0    0]
 [   0    2    0    0    1    0    7    4 4985    0    0    1    0    0]
 [   1    0    2    0    0    2    3    1    0 4970   20    0    0    1]
 [  12    0    0    0    1    2    1    0    0   13 4970    0    0    1]
 [   5    0   10    1    0    2    0    0    0    0    0 4957   18    7]
 [   9    0    1    0    0    2    0    0    0    0    0    9 4963   16]
 [  33    3    9    0    4    3    4    1    0    0    1    5   20 4917]]
('Model params: 0.198M', 'Model buffers: 0.000M', 'Model size: 0.756MB')

*******************************************

average eval loss:  0.0504
Accuracy: 0.987
F1: 0.987
Precision: 0.987
Recall: 0.987
MCC: 0.986
Confusion matrix:
 [[4818   58    7    2    5   16   57    3    0    1    1    5    0   27]
 [  27 4933    0    0    8    1   27    0    1    0    0    0    0    3]
 [  13    2 4893   14   60    0    1    0    0    1    0    5    0   11]
 [   1    1    8 4973   16    1    0    0    0    0    0    0    0    0]
 [   6    3   71   11 4897    2    7    0    0    1    0    0    0    2]
 [  35    1    2    0    0 4948   11    1    0    0    0    0    0    2]
 [  44   24    1    0    3   13 4891   15    5    0    1    0    1    2]
 [   3    0    0    0    0    0   32 4954    8    2    0    0    0    1]
 [   0    1    0    0    0    0    2    1 4995    0    0    1    0    0]
 [   1    0    0    1    0    1    1    2    0 4967   27    0    0    0]
 [  11    0    2    0    1    1    2    0    0    4 4977    1    0    1]
 [   5    0    3    0    0    4    0    1    0    0    0 4968   11    8]
 [  10    0    4    0    0    2    0    0    1    0    1   12 4941   29]
 [  22    5   12    0    3    5    1    0    1    0    2    5    9 4935]]
('Model params: 0.198M', 'Model buffers: 0.000M', 'Model size: 0.756MB')

*******************************************

average eval loss:  0.0514
Accuracy: 0.986
F1: 0.986
Precision: 0.986
Recall: 0.986
MCC: 0.985
Confusion matrix:
 [[4811   40   11    6    6   33   45    2    1    0    2    8    8   27]
 [  47 4917    1    1    7    1   21    0    2    0    0    0    1    2]
 [   9    1 4882   26   56    1    2    0    0    1    0    7    3   12]
 [   2    1    6 4978   12    0    0    0    0    0    0    0    0    1]
 [   7    3   68   10 4907    0    2    0    0    0    0    1    0    2]
 [  21    0    0    0    0 4964    8    0    0    1    1    1    2    2]
 [  53   23    1    1    3   16 4879   11    8    1    0    1    1    2]
 [   1    0    0    0    2    1   25 4959    7    0    0    3    0    2]
 [   0    1    0    0    0    0    2    2 4994    0    0    1    0    0]
 [   4    0    0    0    2    6    1    4    0 4930   50    0    1    2]
 [  12    0    0    0    1    2    1    0    0    8 4971    2    0    3]
 [   2    0    2    0    0    2    0    0    0    0    0 4977   11    6]
 [   3    0    1    0    0    0    0    0    0    0    0   20 4959   17]
 [  22    2   16    0    1    3    3    0    0    0    2    7   18 4926]]
('Model params: 0.198M', 'Model buffers: 0.000M', 'Model size: 0.756MB')

*******************************************

average eval loss:  0.0502
Accuracy: 0.987
F1: 0.987
Precision: 0.987
Recall: 0.987
MCC: 0.986
Confusion matrix:
 [[4848   35   10    2    5   24   47    2    0    2    3    3    2   17]
 [  47 4922    0    0    6    0   20    3    1    0    1    0    0    0]
 [  18    0 4905   16   46    0    2    0    0    0    1    6    1    5]
 [   4    1    8 4975   10    0    1    0    0    0    0    0    0    1]
 [   7    0   82   17 4884    3    6    0    0    0    1    0    0    0]
 [  38    0    1    1    0 4945   11    1    0    0    0    1    1    1]
 [  50   20    0    0    2   15 4887   16    8    1    0    0    0    1]
 [   1    2    0    0    0    1   26 4958    9    0    2    0    0    1]
 [   0    1    0    0    0    0    3    3 4992    0    0    1    0    0]
 [   4    0    0    1    0    6    1    2    0 4956   30    0    0    0]
 [  17    0    0    0    0    1    0    0    0   12 4970    0    0    0]
 [   5    0    5    1    0    1    0    1    0    0    0 4972   12    3]
 [   5    0    4    0    0    3    0    0    0    0    2   10 4958   18]
 [  41    5   11    0    2    2    7    0    0    1    1    9   16 4905]]
('Model params: 0.198M', 'Model buffers: 0.000M', 'Model size: 0.756MB')

*******************************************

average eval loss:  0.0497
Accuracy: 0.987
F1: 0.987
Precision: 0.987
Recall: 0.987
MCC: 0.986
Confusion matrix:
 [[4870   27    7    1    2   18   47    2    0    2    0    3    2   19]
 [  63 4902    0    0    6    0   27    0    1    1    0    0    0    0]
 [  20    3 4874   20   53    0    2    0    0    0    0    5    4   19]
 [   2    1    8 4978    9    0    1    0    0    0    0    0    1    0]
 [   7    3   88   12 4881    3    6    0    0    0    0    0    0    0]
 [  29    1    2    0    1 4948   10    1    0    3    0    0    3    2]
 [  69   16    0    0    2   11 4878   15    4    3    0    0    0    2]
 [   0    0    0    0    0    0   22 4972    4    1    1    0    0    0]
 [   0    0    0    0    0    0    5    8 4986    0    0    1    0    0]
 [   1    0    0    1    0    2    0    2    0 4977   16    0    0    1]
 [  15    0    1    0    1    1    0    2    0   19 4959    0    0    2]
 [   3    0    2    0    0    1    0    0    0    1    0 4981    7    5]
 [   8    0    0    0    0    1    0    0    0    0    1   14 4955   21]
 [  25    1    2    0    1    1    4    0    0    1    1    2   19 4943]]
('Model params: 0.198M', 'Model buffers: 0.000M', 'Model size: 0.756MB')

*******************************************

**************************************************
==================================================
**************************************************
