Model config for current run:
ModelConfig(model_name='Mamba', embedding_dimension=64, reduced_embedding_dimension=16, number_of_heads=None, max_length=512, forward_expansion=3, num_layers=2, vocab_size=4096)
LR: 0.005
EPOCHS: 10

*******************************************

average eval loss:  0.5717
Accuracy: 0.850
F1: 0.850
Precision: 0.856
Recall: 0.850
MCC: 0.832
Confusion matrix:
 [[ 69   1   0   4   0   0   0   0   0   0   0   0   0   0   0   0   0   0]
 [  0  31   2   0   2   3   0   0   0   0   0   0   0   0   0   0   0   0]
 [  0   0 115   1   1   9   0   1   0   0   1   0   0   0   0   1   0   0]
 [  1   0   0 261   7   7   2   0   4   0   0   0   2  10   0   4   1   2]
 [  0   3   4   3 216   5   0   0   1   6   2   2   0   1   0   2   2   1]
 [  0   0   1   3   4 561   0   0   3   0   4  15   1   7   0   2   3   1]
 [  0   0   1   4   0   0  53   0   1   0   2   2   0   2   0   0   0   0]
 [  0   0   0   0   0   2   0  24   0   0   0   0   0   3   0   0   0   0]
 [  0   0   0   3   2   6   0   0  63   0   1  10   2   3   0   1   1   2]
 [  0   1   1   3   5   4   0   0   0  39   0   0   0   3   0   0   0   0]
 [  0   0   0   0   1   4   1   0   2   0  89   3   0   2   0   1   0   1]
 [  0   1   0   2   0  19   2   0   2   0   4 193   3   9   0   2   0   0]
 [  0   0   0   3   0  10   0   2   1   0   0   3  57   2   0   2   0   0]
 [  0   0   0   1   1   7   0   3   5   0   1   6   0  38   0   1   1   2]
 [  0   1   0   0   0  12   0   2   0   0   2   4   0   7  31   1   0   1]
 [  0   0   1   1   0   5   0   0   0   0   1   1   1   0   1 166   0   0]
 [  0   0   0   1   4   1   0   0   3   0   1   2   0   2   0   1  93   0]
 [  0   0   0   4   5   1   0   0   0   1   0   0   1   1   0   0   0  87]]
('Model params: 0.199M', 'Model buffers: 0.000M', 'Model size: 0.757MB')

*******************************************

average eval loss:  0.5220
Accuracy: 0.860
F1: 0.859
Precision: 0.864
Recall: 0.860
MCC: 0.844
Confusion matrix:
 [[ 71   0   0   2   0   0   1   0   0   0   0   0   0   0   0   0   0   0]
 [  0  31   0   0   4   2   0   0   0   1   0   0   0   0   0   0   0   0]
 [  1   2 117   0   3   2   1   0   1   0   0   1   0   1   0   0   0   0]
 [  0   0   0 273   0   7   3   0   1   0   1   0   0  10   0   4   1   1]
 [  0   5   2   2 217   6   0   1   0   7   0   2   0   0   0   2   3   1]
 [  1   4   3   8   5 552   0   0   7   0   2  17   0   2   1   2   1   0]
 [  0   0   0   1   0   0  59   0   0   0   1   2   0   2   0   0   0   0]
 [  0   0   0   0   0   1   1  13   2   0   0   0   0  10   0   2   0   0]
 [  0   0   0   1   2   5   0   0  68   0   2   5   2   7   0   1   0   1]
 [  0   2   0   3   4   6   0   0   0  41   0   0   0   0   0   0   0   0]
 [  0   0   0   3   1   3   1   0   0   0  94   0   0   1   0   1   0   0]
 [  0   0   0   3   1  22   7   0   3   0   5 183   1   5   3   2   2   0]
 [  0   0   0   5   0   5   0   0   1   0   0   2  60   1   0   5   0   1]
 [  0   0   0   9   0   4   0   2   2   0   2   0   0  43   0   1   1   2]
 [  0   0   0   2   3   6   1   0   0   0   1   6   0   1  37   1   1   2]
 [  0   0   0   2   0   2   1   0   2   0   2   0   2   0   1 165   0   0]
 [  0   0   0   1   1   2   1   0   0   0   1   3   0   0   0   1  98   0]
 [  0   1   0   4   0   1   0   0   0   1   0   1   0   2   0   0   0  90]]
('Model params: 0.199M', 'Model buffers: 0.000M', 'Model size: 0.757MB')

*******************************************

average eval loss:  0.5235
Accuracy: 0.858
F1: 0.857
Precision: 0.860
Recall: 0.858
MCC: 0.841
Confusion matrix:
 [[ 73   0   0   1   0   0   0   0   0   0   0   0   0   0   0   0   0   0]
 [  0  30   1   0   2   3   0   0   0   1   0   0   0   0   1   0   0   0]
 [  1   2 114   1   4   3   1   0   0   0   0   0   0   0   0   3   0   0]
 [  2   0   0 262   4   6   4   0   1   0   2   1   0   4   0  10   2   3]
 [  0   3   0   2 219   8   0   0   1   7   0   1   0   2   0   2   1   2]
 [  0   0   1   1  12 545   2   1   4   0   2  26   0   3   4   1   3   0]
 [  0   0   0   3   0   1  56   0   0   0   0   5   0   0   0   0   0   0]
 [  0   0   0   0   0   0   0  25   1   0   0   1   0   0   1   0   1   0]
 [  0   1   0   1   0   6   4   0  63   0   0  12   1   1   1   3   0   1]
 [  0   1   0   3   6   3   0   0   0  41   0   2   0   0   0   0   0   0]
 [  0   0   0   5   1   2   2   0   1   0  88   4   0   0   0   1   0   0]
 [  0   0   0   0   1  13   3   0   4   0   1 202   2   2   5   2   2   0]
 [  0   0   0   4   1   4   0   0   0   0   0   3  64   0   0   4   0   0]
 [  0   0   0   6   3   5   0   1   1   0   0   8   0  36   3   1   1   1]
 [  0   1   0   0   0   9   0   0   2   0   1   7   0   2  38   1   0   0]
 [  0   0   0   0   2   3   1   0   1   0   0   3   1   1   1 164   0   0]
 [  0   0   0   0   3   4   0   0   0   0   0   3   0   0   0   0  98   0]
 [  0   0   0   6   2   1   0   0   0   1   1   1   0   0   0   0   0  88]]
('Model params: 0.199M', 'Model buffers: 0.000M', 'Model size: 0.757MB')

*******************************************

average eval loss:  0.5607
Accuracy: 0.852
F1: 0.855
Precision: 0.862
Recall: 0.852
MCC: 0.835
Confusion matrix:
 [[ 71   0   0   3   0   0   0   0   0   0   0   0   0   0   0   0   0   0]
 [  0  31   4   0   1   2   0   0   0   0   0   0   0   0   0   0   0   0]
 [  1   1 115   0   1   5   1   0   0   0   0   1   0   3   0   0   1   0]
 [  1   0   0 266   0   8   2   0   1   1   4   1   0   9   1   4   0   3]
 [  0   2   0   3 215   6   0   0   1   9   0   6   0   1   0   0   1   4]
 [  0   0   4   5   3 544   1   1   3   1   2  27   0   6   5   0   3   0]
 [  0   0   0   4   0   1  51   0   0   0   2   5   0   0   2   0   0   0]
 [  0   0   0   0   0   3   1  16   1   0   0   1   0   7   0   0   0   0]
 [  0   0   0   0   0   5   0   0  67   1   0   7   1   9   2   2   0   0]
 [  0   1   0   3   5   2   0   0   1  40   0   3   0   1   0   0   0   0]
 [  0   0   0   4   0   5   0   0   1   1  90   1   0   1   0   1   0   0]
 [  0   0   0   1   1  12   2   0   2   1   1 196   2  12   4   3   0   0]
 [  0   1   2   5   0   5   0   0   0   0   0   0  60   4   0   1   0   2]
 [  0   0   1   8   1   4   0   1   0   0   0   4   0  41   2   1   1   2]
 [  0   0   0   0   0   4   0   0   0   0   2   9   0   3  41   0   1   1]
 [  0   0   0   1   0   3   1   0   1   0   1   0   0   1   0 169   0   0]
 [  0   0   0   0   0   2   0   0   0   1   1   6   0   3   3   1  91   0]
 [  0   0   1   5   0   2   0   0   0   0   0   1   0   3   0   0   0  88]]
('Model params: 0.199M', 'Model buffers: 0.000M', 'Model size: 0.757MB')

*******************************************

average eval loss:  0.5373
Accuracy: 0.857
F1: 0.858
Precision: 0.868
Recall: 0.857
MCC: 0.840
Confusion matrix:
 [[ 71   0   0   0   0   1   1   0   0   0   0   0   0   0   0   0   1   0]
 [  1  29   1   0   2   4   0   0   0   0   0   1   0   0   0   0   0   0]
 [  0   1 113   1   6   5   0   0   0   0   0   1   0   1   0   0   1   0]
 [  0   0   0 259   4  14   2   0   2   0   1   2   0  13   0   0   3   1]
 [  0   2   1   2 222   9   0   1   0   3   0   3   0   3   0   0   2   0]
 [  0   3   2   1   5 559   0   0   3   1   1  15   0  11   2   0   2   0]
 [  0   0   0   2   0   2  48   0   0   0   0   6   0   7   0   0   0   0]
 [  0   0   0   0   0   1   0  27   0   0   0   0   0   0   1   0   0   0]
 [  0   0   0   1   3  14   0   0  56   0   1  10   1   5   2   1   0   0]
 [  0   0   0   1   8   4   0   0   1  37   0   2   0   2   0   0   1   0]
 [  0   0   0   1   1   2   2   1   0   0  93   1   0   2   0   1   0   0]
 [  0   0   0   0   0  11   3   1   3   0   1 201   1  12   3   1   0   0]
 [  0   0   0   2   3   7   0   0   0   0   1   2  58   3   0   2   2   0]
 [  1   0   0   3   1   4   0   1   0   0   0   5   0  51   0   0   0   0]
 [  0   1   1   1   2   7   0   2   1   0   1   3   0   2  37   1   1   1]
 [  0   0   0   0   1   6   0   0   0   0   0   2   2   0   1 164   1   0]
 [  0   0   0   2   0   5   0   1   0   0   0   3   1   5   0   1  90   0]
 [  0   0   0   4   2   2   0   1   0   0   0   0   0   1   0   1   1  88]]
('Model params: 0.199M', 'Model buffers: 0.000M', 'Model size: 0.757MB')

*******************************************

**************************************************
==================================================
**************************************************
