Model config for current run:
ModelConfig(model_name='MAMBA_noNANO', embedding_dimension=64, reduced_embedding_dimension=None, number_of_heads=0, max_length=256, forward_expansion=1, d_state=6, num_layers=5, vocab_size=2048, learning_rate=0.002)
EPOCHS: 20

*******************************************

average eval loss:  0.5374
Accuracy: 0.876
F1: 0.879
Precision: 0.886
Recall: 0.876
MCC: 0.863
Confusion matrix:
 [[ 70   1   0   1   0   0   1   0   0   0   0   0   0   0   0   0   0   0]
 [  0  27   0   0   2   0   0   0   0   1   0   0   0   0   0   0   0   0]
 [  0   2 113   1   5   1   1   0   1   0   0   0   0   0   0   0   1   0]
 [  3   1   1 242   2   6   3   0   2   0   0   5   1  12   0   1   1   4]
 [  1   6   3   1 234   1   0   0   5   4   0   1   1   1   0   1   0   2]
 [  0   0   4   3   3 524   0   1   7   2   4  28   2   8   5   6   3   2]
 [  0   0   0   1   0   1  64   0   1   0   1   3   0   0   0   1   1   0]
 [  0   1   0   0   0   0   0  23   0   0   0   0   0   4   0   0   0   0]
 [  0   0   0   1   1   1   0   0  83   0   0   2   2   2   0   2   0   0]
 [  0   4   1   2   3   0   0   0   2  45   0   1   0   1   0   2   0   1]
 [  0   0   0   2   0   2   3   0   0   0  92   3   0   2   0   0   1   0]
 [  0   0   2   1   0   1   1   1   6   0   2 206   1  10   5   5   6   0]
 [  0   0   0   1   1   2   1   0   1   1   0   1  56   1   0   0   0   0]
 [  0   0   0   1   1   1   0   1   1   0   0   3   0  54   1   0   2   0]
 [  0   0   0   0   0   0   1   0   1   0   2   2   0   3  25   1   0   0]
 [  0   0   0   1   1   0   0   1   1   0   1   2   0   1   0 208   0   0]
 [  0   1   0   0   1   0   0   0   1   0   0   1   0   2   0   1  95   0]
 [  1   1   0   4   3   1   0   1   0   0   0   0   0   1   0   1   0  92]]
('Model params: 221.138K', 'Model buffers: 0.000K', 'Model size: 0.844MB')

*******************************************

average eval loss:  0.5561
Accuracy: 0.875
F1: 0.876
Precision: 0.880
Recall: 0.875
MCC: 0.861
Confusion matrix:
 [[ 68   1   0   2   0   0   0   0   0   0   0   0   0   0   1   1   0   0]
 [  0  26   1   1   1   0   0   0   0   0   0   0   0   0   0   1   0   0]
 [  0   4 113   0   3   1   1   0   0   0   0   2   0   1   0   0   0   0]
 [  0   0   1 253   4   1   3   0   0   0   3   4   3   6   0   2   1   3]
 [  0   6   2   1 236   0   0   0   4   6   0   3   1   0   0   1   0   1]
 [  0   3   7  14   3 523   0   1   3   5   6  22   0   5   4   2   1   3]
 [  0   0   1   1   0   0  66   0   0   0   2   2   0   0   0   1   0   0]
 [  0   0   0   0   0   0   0  23   0   0   0   1   1   3   0   0   0   0]
 [  0   0   0   0   2   3   0   0  79   0   0   6   1   1   0   2   0   0]
 [  0   1   3   0   7   0   0   0   0  47   0   3   0   0   0   1   0   0]
 [  0   0   0   3   2   1   1   0   1   0  95   1   0   0   0   1   0   0]
 [  0   1   1   3   1   5   3   1   9   0   3 210   1   1   1   2   5   0]
 [  0   0   0   1   1   3   0   0   1   0   0   2  54   0   0   1   0   2]
 [  0   0   0   4   3   2   0   1   2   1   0   5   0  45   0   0   2   0]
 [  0   0   0   0   0   0   0   1   0   0   1   4   1   0  27   0   1   0]
 [  0   0   0   4   1   0   0   0   0   0   1   3   1   0   0 205   0   1]
 [  0   0   0   0   0   1   0   0   2   1   0   3   0   2   1   1  91   0]
 [  0   1   1   5   2   0   0   0   0   5   0   2   0   0   0   0   0  89]]
('Model params: 221.138K', 'Model buffers: 0.000K', 'Model size: 0.844MB')

*******************************************

average eval loss:  0.5684
Accuracy: 0.871
F1: 0.872
Precision: 0.876
Recall: 0.871
MCC: 0.856
Confusion matrix:
 [[ 68   0   0   3   0   2   0   0   0   0   0   0   0   0   0   0   0   0]
 [  0  26   1   0   1   1   0   0   0   0   0   1   0   0   0   0   0   0]
 [  0   2 112   0   2   2   1   1   1   0   0   0   0   1   0   1   1   1]
 [  2   0   1 251   1  12   4   0   0   0   0   4   2   3   0   0   2   2]
 [  0   7   5   0 226   7   0   0   3   6   0   3   0   1   0   1   0   2]
 [  0   1   3   8   2 533   0   1   8   0   2  24   1   6   6   0   6   1]
 [  0   0   1   0   0   0  66   0   0   0   1   2   1   0   0   1   1   0]
 [  0   0   0   1   0   1   0  22   0   0   0   0   1   2   0   0   1   0]
 [  0   0   0   0   0   4   0   0  77   0   0   5   3   1   0   2   2   0]
 [  0   2   2   0   5   4   0   0   0  43   0   4   0   0   0   1   0   1]
 [  0   0   0   1   0   4   0   0   0   0  95   1   1   0   1   1   1   0]
 [  0   0   1   2   0  10   1   3   1   0   0 210   2   2   6   1   8   0]
 [  0   1   0   1   0   1   0   0   1   1   0   4  55   0   0   0   1   0]
 [  0   0   0   5   1   2   0   1   0   0   0   4   0  46   1   0   5   0]
 [  0   0   0   1   0   3   0   0   0   0   1   4   0   0  25   0   1   0]
 [  0   0   0   0   1   5   1   0   0   0   2   3   1   1   0 201   0   1]
 [  0   0   0   0   0   3   0   0   0   0   0   1   0   1   1   1  95   0]
 [  0   2   0   6   1   5   0   0   0   0   0   1   0   0   0   0   0  90]]
('Model params: 221.138K', 'Model buffers: 0.000K', 'Model size: 0.844MB')

*******************************************

average eval loss:  0.5397
Accuracy: 0.882
F1: 0.884
Precision: 0.889
Recall: 0.882
MCC: 0.869
Confusion matrix:
 [[ 68   1   0   1   0   0   2   0   0   0   0   0   0   0   0   0   0   1]
 [  0  27   0   1   1   0   0   0   0   0   0   0   0   0   0   0   0   1]
 [  0   3 110   2   5   0   1   0   1   1   0   1   0   0   0   0   0   1]
 [  1   0   1 256   1   2   2   1   2   2   0   2   2   7   2   1   0   2]
 [  0   3   2   1 238   2   1   1   3   5   0   2   0   0   0   1   0   2]
 [  0   1   2   9   3 532   0   1   5   1   5  19   3   6  12   0   0   3]
 [  0   0   0   1   0   0  68   0   0   0   0   3   0   0   0   1   0   0]
 [  0   0   0   0   0   0   0  21   0   0   0   1   1   5   0   0   0   0]
 [  0   0   0   1   0   1   0   1  82   0   0   6   1   1   0   1   0   0]
 [  0   2   3   3   3   0   0   0   2  46   0   1   0   0   0   2   0   0]
 [  0   1   0   1   0   3   0   0   0   0  95   1   0   2   1   1   0   0]
 [  0   0   1   3   1   4   3   1   9   0   1 211   1   2   4   2   3   1]
 [  0   0   0   2   1   3   0   0   3   0   0   1  53   0   0   1   0   1]
 [  0   0   0   4   3   0   0   3   1   0   0   4   0  48   1   0   1   0]
 [  0   0   0   1   0   1   0   1   0   0   2   3   0   0  27   0   0   0]
 [  0   0   0   1   1   0   0   1   3   0   1   4   0   0   0 205   0   0]
 [  0   0   0   0   0   1   1   1   0   0   0   1   0   1   1   1  94   1]
 [  0   3   0   6   1   0   0   3   2   1   0   0   0   1   0   1   0  87]]
('Model params: 221.138K', 'Model buffers: 0.000K', 'Model size: 0.844MB')

*******************************************

average eval loss:  0.6190
Accuracy: 0.876
F1: 0.878
Precision: 0.884
Recall: 0.876
MCC: 0.862
Confusion matrix:
 [[ 69   1   0   0   0   0   3   0   0   0   0   0   0   0   0   0   0   0]
 [  0  27   0   1   1   0   0   0   0   0   0   0   1   0   0   0   0   0]
 [  0   1 113   0   4   2   1   0   0   0   0   3   0   0   0   0   0   1]
 [  3   2   1 236   2   5   4   1   0   0   1   5   5  12   0   1   1   5]
 [  0   5   1   0 237   2   0   1   3   3   0   6   0   0   0   0   0   3]
 [  0   1   6   3   1 533   0   4   3   1   2  35   1   6   2   2   0   2]
 [  0   0   1   1   0   0  68   0   0   0   1   1   0   0   0   1   0   0]
 [  0   0   0   0   0   0   0  22   0   0   0   1   1   4   0   0   0   0]
 [  0   0   0   1   1   2   0   1  80   0   0   4   1   3   0   1   0   0]
 [  0   2   2   0   6   3   1   0   0  43   1   1   0   0   0   2   0   1]
 [  0   0   0   1   0   4   1   0   0   0  93   3   0   0   1   2   0   0]
 [  0   0   1   1   1   5   4   1   7   0   0 214   2   2   3   2   4   0]
 [  0   0   0   1   0   2   0   1   1   0   0   4  55   0   0   0   0   1]
 [  0   0   0   0   1   0   0   3   2   1   0   3   1  52   1   0   1   0]
 [  0   0   0   0   0   0   0   2   1   0   2   3   0   0  27   0   0   0]
 [  0   0   0   1   2   3   1   0   0   0   1   3   1   1   0 200   1   2]
 [  0   0   0   0   1   0   1   0   0   0   0   3   0   0   1   1  95   0]
 [  0   1   0   4   1   1   0   1   0   2   0   3   1   0   0   1   1  89]]
('Model params: 221.138K', 'Model buffers: 0.000K', 'Model size: 0.844MB')

*******************************************

**************************************************
==================================================
**************************************************
