ModelConfig(model_name='Nano_Mlp_structured', embedding_dimension=64, reduced_embedding_dimension=16, number_of_heads=8, max_length=128, forward_expansion=4, num_layers=3, vocab_size=4096)
LR: 0.001
EPOCHS: 10

average eval loss:  2.0999
Accuracy: 0.426
F1: 0.306
Precision: 0.334
Recall: 0.426
MCC: 0.348
Confusion matrix:
 [[  0   0   0  21   0  50   0   0   0   0   0   0   0   0   0   0   0   0]
 [  0   0   0   1   2  35   0   0   0   0   0   1   0   0   0   0   0   0]
 [  0   0   0   3   5 139   0   0   0   0   0   0   0   0   0   0   0   0]
 [  0   0   0 260   1  49   0   0   0   0   0   8   0   0   0   0   0   0]
 [  0   0   0   5 154  95   0   0   0   0   0   0   0   0   0   0   0   0]
 [  0   0   0   4   0 571   0   0   0   0   0  14   0   0   0   0   0   0]
 [  0   0   0   9   0  56   0   0   0   0   0   9   0   0   0   0   0   0]
 [  0   0   0   2   2  27   0   0   0   0   0   1   0   0   0   0   0   0]
 [  0   0   0  13   2  54   0   0   0   0   0  13   0   0   0   0   0   0]
 [  0   0   0   3   8  50   0   0   0   0   0   6   0   0   0   0   0   0]
 [  0   0   0  19   1  70   0   0   0   0   0  18   0   0   0   0   0   0]
 [  0   0   0   7   3  90   0   0   0   0   0 109   0   0   0   0   0   0]
 [  0   0   0  16   3  56   0   0   0   0   0   3   0   0   0   0   0   0]
 [  0   0   0  16   1  37   0   0   0   0   0  10   0   0   0   0   0   0]
 [  0   0   0   4   1  27   0   0   0   0   0  10   0   0   0   0   0   0]
 [  0   0   0  40  10 133   0   0   0   0   0   2   0   0   0   2   0   0]
 [  0   0   0  28   2  62   0   0   0   0   0  14   0   0   0   0   0   0]
 [  0   0   0  27   6  72   0   0   0   0   0   0   0   0   0   0   0   0]]
('Model params: 0.225M', 'Model buffers: 0.000M', 'Model size: 0.859MB')

*******************************************

ModelConfig(model_name='Nano_Mlp_structured', embedding_dimension=64, reduced_embedding_dimension=16, number_of_heads=8, max_length=128, forward_expansion=4, num_layers=3, vocab_size=4096)
LR: 0.001
EPOCHS: 10

average eval loss:  2.1165
Accuracy: 0.412
F1: 0.295
Precision: 0.259
Recall: 0.412
MCC: 0.334
Confusion matrix:
 [[  0   0   0  37   0  34   0   0   0   0   0   0   0   0   0   0   0   0]
 [  0   0   0   1   3  34   0   0   0   0   0   1   0   0   0   0   0   0]
 [  0   0   0  13  56  78   0   0   0   0   0   0   0   0   0   0   0   0]
 [  0   0   0 242   1  71   0   0   0   0   0   4   0   0   0   0   0   0]
 [  0   0   0   1 149 103   0   0   0   0   0   1   0   0   0   0   0   0]
 [  0   0   0   2   1 581   0   0   0   0   0   5   0   0   0   0   0   0]
 [  0   0   0   8   0  59   0   0   0   0   0   7   0   0   0   0   0   0]
 [  0   0   0   3   1  26   0   0   0   0   0   2   0   0   0   0   0   0]
 [  0   0   0   6   2  66   0   0   0   0   0   8   0   0   0   0   0   0]
 [  0   0   0   3  10  53   0   0   0   0   0   1   0   0   0   0   0   0]
 [  0   0   0   8   0  94   0   0   0   0   0   6   0   0   0   0   0   0]
 [  0   0   0   3   1 117   0   0   0   0   0  88   0   0   0   0   0   0]
 [  0   0   0   9   3  65   0   0   0   0   0   1   0   0   0   0   0   0]
 [  0   0   0  11   0  45   0   0   0   0   0   8   0   0   0   0   0   0]
 [  0   0   0   3   0  35   0   0   0   0   0   4   0   0   0   0   0   0]
 [  0   0   0  17   2 166   0   0   0   0   0   2   0   0   0   0   0   0]
 [  0   0   0  19   3  77   0   0   0   0   0   7   0   0   0   0   0   0]
 [  0   0   0  27   3  75   0   0   0   0   0   0   0   0   0   0   0   0]]
('Model params: 0.225M', 'Model buffers: 0.000M', 'Model size: 0.859MB')

*******************************************

