Model config for current run:
ModelConfig(model_name='Mamba_+_conv', embedding_dimension=64, reduced_embedding_dimension=16, number_of_heads=None, max_length=512, forward_expansion=3, num_layers=2, vocab_size=4096)
LR: 0.005
EPOCHS: 20

*******************************************

average eval loss:  0.5881
Accuracy: 0.848
F1: 0.850
Precision: 0.858
Recall: 0.848
MCC: 0.830
Confusion matrix:
 [[ 50   1   0   2   0   0   1   0   1   1   0   0   0   0   0   0   0   0]
 [  1  31   0   0   3   1   0   0   0   2   0   0   0   0   0   0   0   0]
 [  0   1 115   0   2   2   1   0   0   2   0   2   0   0   0   0   0   0]
 [  2   0   0 267   2   2   6   0   6   2   2   1   2   4   1   2   2   2]
 [  0   0   1   1 198   4   0   0   2  10   1   1   2   1   0   2   0   2]
 [  0   1   4  11  13 547   3   0  13   8   2  22   8   8   5   2   2   4]
 [  0   0   0   3   0   1  65   0   0   0   0   0   0   0   0   0   2   2]
 [  0   0   0   1   1   0   0  35   0   0   0   2   1   1   0   0   0   0]
 [  0   0   0   0   2   0   0   0  92   0   0   3   4   4   0   0   0   0]
 [  0   0   0   1   6   3   0   0   1  38   0   3   2   0   0   0   0   1]
 [  0   0   0   0   0   0   1   0   2   1 102   0   0   1   0   1   1   1]
 [  1   0   1   4   5   8   3   0  10   4   2 175   4   5   4   4   2   5]
 [  0   0   0   1   2   1   0   0   5   0   0   0  60   0   0   1   0   1]
 [  0   0   0   7   2   0   0   1   3   1   1   5   3  41   0   1   0   0]
 [  0   0   1   0   0   2   0   2   0   1   1   7   0   0  45   1   0   0]
 [  1   0   0   1   2   1   0   0   2   1   0   2   1   0   2 156   1   2]
 [  0   0   0   0   0   1   1   1   1   0   2   4   0   2   0   0  92   1]
 [  0   0   0   0   1   0   0   0   0   5   0   0   0   0   0   0   1  71]]
('Model params: 0.200M', 'Model buffers: 0.000M', 'Model size: 0.762MB')

*******************************************

average eval loss:  0.6357
Accuracy: 0.869
F1: 0.869
Precision: 0.871
Recall: 0.869
MCC: 0.853
Confusion matrix:
 [[ 52   1   0   1   0   2   0   0   0   0   0   0   0   0   0   0   0   0]
 [  1  32   1   0   0   0   0   1   0   1   0   0   0   0   0   1   1   0]
 [  0   1 119   0   3   0   0   0   0   0   0   1   0   0   0   0   0   1]
 [  1   0   0 274   0   3   7   0   3   0   1   3   1   5   1   1   1   2]
 [  0   1   0   0 199   4   0   0   3   8   1   4   1   1   0   1   1   1]
 [  2   2   5  10   6 567   1   2   8   3   2  20   3   7   6   1   2   6]
 [  0   0   0   1   1   2  63   1   1   0   0   2   0   0   0   0   1   1]
 [  1   0   0   1   0   0   0  36   0   0   1   0   0   1   1   0   0   0]
 [  0   0   0   2   2   4   0   0  80   1   0  10   1   4   0   0   0   1]
 [  0   0   0   1   4   4   0   0   0  42   0   2   2   0   0   0   0   0]
 [  0   0   0   0   0   3   0   0   2   0 101   2   0   1   1   0   0   0]
 [  1   1   0   2   1  13   0   2   5   3   6 192   0   3   3   3   1   1]
 [  0   0   0   2   1   2   0   1   2   0   0   0  61   0   0   1   1   0]
 [  0   0   0   6   2   3   1   3   1   1   0   2   0  44   0   0   1   1]
 [  0   0   0   0   0   3   0   0   1   1   0   5   3   1  46   0   0   0]
 [  1   0   0   3   0   2   0   0   2   0   0   0   2   0   0 159   3   0]
 [  0   0   1   1   1   3   0   1   0   0   0   1   0   1   1   0  93   2]
 [  0   0   0   0   0   0   0   0   0   2   0   1   1   0   0   0   0  74]]
('Model params: 0.200M', 'Model buffers: 0.000M', 'Model size: 0.762MB')

*******************************************

average eval loss:  0.5671
Accuracy: 0.877
F1: 0.878
Precision: 0.881
Recall: 0.877
MCC: 0.862
Confusion matrix:
 [[ 52   1   0   1   0   0   0   0   0   0   0   1   1   0   0   0   0   0]
 [  1  33   0   2   1   0   0   0   0   1   0   0   0   0   0   0   0   0]
 [  0   0 120   0   2   0   0   0   1   0   0   0   0   2   0   0   0   0]
 [  1   0   0 279   1   3   3   0   2   1   2   1   0   5   0   3   2   0]
 [  0   0   0   2 203   3   2   1   0   8   0   1   0   3   0   2   0   0]
 [  2   1   2  12   5 566   3   2   6   5   2  22   2   7   6   5   2   3]
 [  0   0   0   4   0   0  64   0   0   1   1   3   0   0   0   0   0   0]
 [  0   0   0   0   0   0   0  36   1   0   0   0   1   1   1   0   1   0]
 [  0   0   0   0   1   3   0   0  83   1   0   5   4   6   0   0   2   0]
 [  1   0   0   1   4   2   0   0   0  42   1   1   0   0   2   1   0   0]
 [  0   0   0   1   1   1   0   0   1   0 105   0   0   0   0   1   0   0]
 [  0   1   0   4   2   6   1   2   7   1   4 195   0   8   2   2   2   0]
 [  0   0   0   1   1   1   0   0   2   0   1   0  61   1   0   1   0   2]
 [  0   0   0   7   2   1   0   1   0   2   0   6   2  41   1   0   1   1]
 [  0   0   1   1   0   1   0   3   0   0   0   4   1   0  49   0   0   0]
 [  0   0   0   1   0   3   0   1   2   1   0   4   2   0   0 158   0   0]
 [  0   0   0   0   1   2   0   0   0   0   0   4   1   1   0   0  96   0]
 [  0   0   0   2   2   0   0   0   0   1   0   0   0   0   1   0   0  72]]
('Model params: 0.200M', 'Model buffers: 0.000M', 'Model size: 0.762MB')

*******************************************

average eval loss:  0.5808
Accuracy: 0.869
F1: 0.870
Precision: 0.874
Recall: 0.869
MCC: 0.853
Confusion matrix:
 [[ 51   1   0   1   0   0   1   0   1   0   1   0   0   0   0   0   0   0]
 [  1  33   2   0   0   0   0   0   0   1   0   0   0   0   0   1   0   0]
 [  0   3 120   0   1   0   0   0   0   0   0   1   0   0   0   0   0   0]
 [  1   0   0 275   0   0   3   0   3   2   3   1   1   5   0   3   2   4]
 [  0   3   0   0 204   2   1   0   2   7   0   1   0   0   0   2   1   2]
 [  3   4   3  13   2 564   5   1   8   4   2  23   0  10   4   1   1   5]
 [  0   0   0   2   2   1  62   0   0   0   1   2   0   1   0   0   2   0]
 [  0   0   1   1   0   1   1  35   0   0   0   0   0   1   0   1   0   0]
 [  0   0   0   1   1   4   0   0  86   0   0   5   3   4   0   1   0   0]
 [  0   0   1   0   8   2   0   0   1  38   0   1   2   1   0   0   1   0]
 [  0   0   0   1   1   2   0   1   0   0 103   0   0   0   1   1   0   0]
 [  0   2   1   4   2   8   3   2   9   2   2 189   0   4   6   1   2   0]
 [  0   0   1   1   1   2   0   0   1   0   0   1  60   2   0   1   0   1]
 [  0   1   0   5   0   2   0   1   3   3   1   5   0  43   0   0   1   0]
 [  0   2   1   0   2   1   0   2   0   0   0   6   0   0  46   0   0   0]
 [  0   0   0   2   1   0   1   0   0   3   0   4   2   1   0 158   0   0]
 [  0   0   0   1   0   2   0   0   0   0   0   1   0   2   1   1  97   0]
 [  0   0   1   1   4   0   0   0   0   1   0   0   0   1   0   0   0  70]]
('Model params: 0.200M', 'Model buffers: 0.000M', 'Model size: 0.762MB')

*******************************************

average eval loss:  0.5675
Accuracy: 0.879
F1: 0.880
Precision: 0.883
Recall: 0.879
MCC: 0.865
Confusion matrix:
 [[ 51   1   0   0   0   1   1   0   0   0   0   0   0   0   0   0   1   1]
 [  1  33   0   0   1   2   0   0   0   0   0   0   0   0   0   1   0   0]
 [  0   1 118   0   1   2   0   0   0   0   0   1   0   0   1   1   0   0]
 [  1   0   0 272   0   6   5   1   4   1   2   0   1   3   0   3   1   3]
 [  0   0   1   1 205   0   0   0   1   5   2   2   0   1   1   3   2   1]
 [  2   1   1   7   3 575   1   2  10   3   5  22   5   3   6   2   1   4]
 [  0   0   0   1   0   1  67   0   0   0   0   2   0   1   0   0   0   1]
 [  0   0   0   1   1   0   0  37   0   1   0   0   0   1   0   0   0   0]
 [  0   0   0   1   1   1   3   1  83   0   0   7   3   3   0   1   1   0]
 [  0   0   0   2   5   3   0   0   1  40   0   0   3   0   0   1   0   0]
 [  0   0   0   0   0   2   1   0   0   1 105   1   0   0   0   0   0   0]
 [  0   0   0   1   0  11   2   1   6   2   2 198   0   7   2   3   1   1]
 [  0   0   0   2   1   1   0   0   2   0   0   1  59   0   0   2   2   1]
 [  0   0   0   5   1   1   0   1   0   2   0   3   0  48   0   1   3   0]
 [  0   0   0   1   1   1   0   1   0   1   0   3   0   1  47   1   1   2]
 [  0   1   0   1   0   0   0   0   2   2   1   2   2   1   0 159   1   0]
 [  1   0   0   2   1   0   2   0   0   0   0   1   1   1   0   3  93   0]
 [  0   0   0   0   1   0   0   1   0   1   0   0   0   2   0   1   0  72]]
('Model params: 0.200M', 'Model buffers: 0.000M', 'Model size: 0.762MB')

*******************************************

**************************************************
==================================================
**************************************************
