Model config for current run:
ModelConfig(model_name='Nano_Bert_Efficient_+_conv', embedding_dimension=64, reduced_embedding_dimension=16, number_of_heads=None, max_length=512, forward_expansion=2, num_layers=2, vocab_size=4096)
LR: 0.005
EPOCHS: 20

*******************************************

average eval loss:  0.5822
Accuracy: 0.849
F1: 0.853
Precision: 0.863
Recall: 0.849
MCC: 0.833
Confusion matrix:
 [[ 49   1   0   2   1   0   1   0   0   0   0   0   1   0   1   0   0   0]
 [  1  31   2   0   2   1   0   0   0   0   0   0   0   0   0   1   0   0]
 [  0   2 117   0   2   1   0   0   1   0   0   0   0   0   2   0   0   0]
 [  1   0   0 260   3   3   5   0   2   0   1   2   1   5   3   5   3   9]
 [  0   4   1   0 191   2   0   0   2  14   1   1   0   2   1   2   0   4]
 [  2   4   7   4   7 541   1   1   6   4   8  27   6  12  14   2   0   7]
 [  0   0   0   2   0   0  61   0   0   0   5   3   1   0   1   0   0   0]
 [  0   0   0   0   0   0   0  36   0   0   0   0   2   1   1   1   0   0]
 [  0   0   0   1   1   0   1   0  87   1   1   6   4   2   0   0   1   0]
 [  0   1   0   1   4   0   0   0   2  42   0   2   1   0   1   0   0   1]
 [  0   1   0   0   0   0   2   0   1   0 104   0   0   1   0   1   0   0]
 [  0   0   2   0   1   8   5   0   9   1   4 186   3   8   7   1   1   1]
 [  0   0   0   3   1   0   0   0   4   0   0   0  61   1   0   1   0   0]
 [  0   1   0   4   1   1   1   0   2   1   0   4   0  48   1   0   1   0]
 [  0   0   0   0   0   1   0   1   0   0   1   6   0   1  49   1   0   0]
 [  0   1   1   1   0   0   0   0   2   1   0   0   2   1   1 162   0   0]
 [  0   0   0   0   1   2   1   2   0   0   2   3   0   3   2   0  89   0]
 [  0   0   0   0   2   1   0   1   0   3   0   0   0   1   0   0   0  70]]
('Model params: 0.169M', 'Model buffers: 0.000M', 'Model size: 0.643MB')

*******************************************

average eval loss:  0.6905
Accuracy: 0.841
F1: 0.846
Precision: 0.857
Recall: 0.841
MCC: 0.824
Confusion matrix:
 [[ 51   1   0   2   0   0   1   0   0   0   0   1   0   0   0   0   0   0]
 [  1  32   0   0   1   1   1   0   0   2   0   0   0   0   0   0   0   0]
 [  0   2 117   0   1   1   0   1   0   0   1   1   0   0   1   0   0   0]
 [  1   0   0 257   3   6   4   1   5   2   2   1   0   9   2   4   3   3]
 [  1   1   1   2 189   0   0   0   2  17   0   4   1   2   0   3   0   2]
 [  2   3   5  10  12 545   1   0  10   7   4  29   2  14   5   0   0   4]
 [  1   0   0   1   0   0  64   0   0   0   2   5   0   0   0   0   0   0]
 [  0   0   0   1   0   0   0  36   0   0   0   0   1   2   1   0   0   0]
 [  0   0   0   1   2   2   1   0  83   0   0   7   3   3   1   0   1   1]
 [  0   1   0   0   1   1   0   1   0  46   0   2   3   0   0   0   0   0]
 [  0   1   0   0   0   0   1   0   2   1 100   2   0   1   0   2   0   0]
 [  1   0   1   3   1   4   3   5  11   3   3 177   0  10  10   1   1   3]
 [  0   0   0   1   0   1   0   0   4   0   0   0  62   0   0   1   0   2]
 [  0   1   0   4   0   0   0   4   3   2   1   3   1  44   0   0   1   1]
 [  0   0   1   0   0   1   0   1   0   0   0   4   0   1  48   0   1   3]
 [  0   0   0   3   0   2   0   0   4   0   0   3   1   1   1 155   0   2]
 [  0   0   2   1   0   0   2   0   2   0   0   2   0   5   3   0  88   0]
 [  0   1   0   1   1   0   0   1   0   2   0   0   0   2   0   0   0  70]]
('Model params: 0.169M', 'Model buffers: 0.000M', 'Model size: 0.643MB')

*******************************************

average eval loss:  0.5540
Accuracy: 0.869
F1: 0.871
Precision: 0.876
Recall: 0.869
MCC: 0.854
Confusion matrix:
 [[ 51   1   0   2   0   0   1   0   0   0   0   0   0   0   0   0   1   0]
 [  1  34   1   1   0   0   0   0   0   1   0   0   0   0   0   0   0   0]
 [  0   0 121   0   1   1   0   0   0   0   0   2   0   0   0   0   0   0]
 [  1   0   0 272   0   3   8   0   2   0   6   1   0   5   0   3   1   1]
 [  0   2   1   0 203   2   0   0   3   5   0   2   0   3   1   1   1   1]
 [  2   2   9  11   4 556   6   0   7   3   5  25   2   7   7   1   1   5]
 [  0   0   0   2   1   0  63   0   0   0   0   2   1   2   0   0   2   0]
 [  0   0   0   1   0   0   0  36   0   0   0   1   2   0   1   0   0   0]
 [  0   0   0   0   1   1   0   0  86   0   0   5   3   6   1   0   0   2]
 [  0   0   0   0   6   0   0   0   0  43   0   1   2   0   1   0   0   2]
 [  0   0   0   0   0   2   0   0   0   0 105   2   0   0   0   1   0   0]
 [  0   0   3   8   0   7   0   0   5   4   5 184   3  10   3   2   1   2]
 [  0   0   0   2   0   1   0   0   3   1   0   0  62   0   0   1   0   1]
 [  0   0   0   5   2   0   2   2   2   1   0   4   2  43   0   0   1   1]
 [  0   0   1   0   0   1   0   1   0   0   0   3   0   0  50   0   2   2]
 [  1   1   0   1   1   1   0   0   2   0   0   3   0   0   2 159   0   1]
 [  0   1   0   0   0   1   0   0   0   0   0   3   0   3   0   0  96   1]
 [  0   1   0   0   1   0   0   0   0   1   0   1   0   3   0   0   0  71]]
('Model params: 0.169M', 'Model buffers: 0.000M', 'Model size: 0.643MB')

*******************************************

average eval loss:  0.6733
Accuracy: 0.847
F1: 0.850
Precision: 0.857
Recall: 0.847
MCC: 0.830
Confusion matrix:
 [[ 51   1   0   1   0   0   1   0   0   1   0   1   0   0   0   0   0   0]
 [  1  32   0   0   3   1   0   0   0   0   0   0   0   0   0   0   0   1]
 [  0   2 116   0   2   0   0   1   0   1   0   0   0   1   1   1   0   0]
 [  1   0   1 272   0   3   5   0   4   1   2   1   1   5   0   3   2   2]
 [  0   2   1   0 196   5   0   2   0  12   1   2   0   1   0   2   0   1]
 [  3   1   5  11   8 546   5   1  13   7   5  24   6   7   4   2   1   4]
 [  1   0   1   1   1   0  62   0   0   0   1   6   0   0   0   0   0   0]
 [  0   0   0   1   0   0   0  37   1   0   0   0   0   1   0   0   0   1]
 [  0   0   0   0   2   0   1   1  85   0   1   4   5   5   0   1   0   0]
 [  0   2   0   0   7   1   1   0   0  39   1   2   1   1   0   0   0   0]
 [  1   0   0   1   0   0   3   0   0   2  99   1   0   2   0   1   0   0]
 [  1   0   0   3   7   7   5   1  10   6   1 177   2   7   6   2   2   0]
 [  0   0   0   1   1   0   1   1   4   0   0   0  60   0   1   2   0   0]
 [  0   0   1   6   1   0   0   1   3   3   1   5   1  39   2   0   1   1]
 [  0   0   1   1   0   3   1   0   2   0   0   4   0   2  45   0   1   0]
 [  0   0   0   1   1   0   0   1   1   0   0   4   3   0   1 159   0   1]
 [  0   0   0   1   1   1   2   1   0   0   2   2   1   2   1   0  91   0]
 [  0   0   0   1   0   0   0   0   0   2   0   1   0   2   0   0   0  72]]
('Model params: 0.169M', 'Model buffers: 0.000M', 'Model size: 0.643MB')

*******************************************

average eval loss:  0.6072
Accuracy: 0.857
F1: 0.859
Precision: 0.867
Recall: 0.857
MCC: 0.841
Confusion matrix:
 [[ 51   1   0   0   0   0   2   0   0   0   1   0   0   1   0   0   0   0]
 [  1  34   1   0   0   1   0   0   0   1   0   0   0   0   0   0   0   0]
 [  0   1 121   0   2   0   0   0   0   0   0   1   0   0   0   0   0   0]
 [  0   0   0 274   0   1   8   1   3   0   1   3   0   6   1   2   2   1]
 [  0   2   1   0 197   2   0   2   0  11   0   1   1   2   1   3   1   1]
 [  2   3   3   8   5 550   3   1   7   4   7  32   3  14   4   2   2   3]
 [  0   0   0   1   0   0  67   0   0   0   1   2   0   1   1   0   0   0]
 [  0   0   1   0   0   0   0  38   0   0   0   0   1   0   1   0   0   0]
 [  0   0   0   2   0   1   1   1  86   0   5   3   3   2   0   1   0   0]
 [  1   2   0   1   6   1   0   0   0  39   0   1   3   0   0   0   0   1]
 [  0   0   1   0   0   2   2   0   0   0 102   1   0   1   0   1   0   0]
 [  0   1   1   3   2  11   4   3   3   3   4 172   0  15   9   0   3   3]
 [  1   0   0   1   1   0   0   2   1   0   1   1  60   0   0   2   0   1]
 [  1   0   0   4   0   1   0   1   5   1   0   2   1  47   0   0   1   1]
 [  0   0   1   2   0   0   0   0   1   1   1   4   1   1  47   1   0   0]
 [  0   0   0   2   3   0   0   0   1   3   0   2   1   0   1 159   0   0]
 [  0   0   0   1   0   0   3   0   0   0   0   7   1   2   0   1  88   2]
 [  0   1   0   1   1   0   0   0   0   3   0   0   0   1   0   0   0  71]]
('Model params: 0.169M', 'Model buffers: 0.000M', 'Model size: 0.643MB')

*******************************************

