MODEL: BERT_Eff_Multihead
DATASET: dbpedia
VOCAB_SIZE: 4096
EMBED_DIM: 128
FORWARD_EXPANSION: 2
MAX_LENGTH: 512
LAYERS: 1
REDUCED_EMBEDDING_DIM: 16
LR: 0.01
EPOCHS: 5

average eval loss: 0.08577371264000848
Accuracy: 0.9756142857142858
F1 (weighted): 0.9756156071785864
Precision (weighted): 0.975623686012571
Recall (weighted): 0.9756142857142858
MCC: 0.9737389779412696
Confusion matrix:
 [[4731   46    8    6    7   47   67   14    4    3    3    9   11   44]
 [  41 4904    2    0    6    1   42    0    1    0    1    0    1    1]
 [  22    5 4777   27   89    2    3    2    1    2    1   18   13   38]
 [   2    4   46 4914   25    2    1    0    0    3    1    0    0    2]
 [  10   11  103   22 4845    4    4    1    0    0    0    0    0    0]
 [  51    2    3    0    1 4899   26    3    0    4    0    1    5    5]
 [  56   32    4    1    4   34 4814   33   11    2    0    1    2    6]
 [   9    0    0    0    2    2   41 4919   13    9    3    0    1    1]
 [   0    1    0    0    1    1   12   14 4971    0    0    0    0    0]
 [   3    0    1    2    1   10    2    4    0 4917   59    0    0    1]
 [  16    0    0    0    0    5    0    6    0   80 4890    2    0    1]
 [   3    0    7    0    0    2    1    1    0    3    0 4952   15   16]
 [  17    1    6    0    0    3    3    0    0    2    0   21 4910   37]
 [  43    8   28    1    2    5    7    1    1    1    2   12   39 4850]]
('Model params: 0.234M', 'Model buffers: 0.000M', 'Model size: 0.894MB')

*******************************************

MODEL: BERT_Eff_Multihead
DATASET: dbpedia
VOCAB_SIZE: 4096
EMBED_DIM: 128
FORWARD_EXPANSION: 2
MAX_LENGTH: 512
LAYERS: 1
REDUCED_EMBEDDING_DIM: 16
LR: 0.01
EPOCHS: 5

average eval loss: 0.08332804084099553
Accuracy: 0.9753142857142857
F1 (weighted): 0.9752978061220193
Precision (weighted): 0.9753019349254414
Recall (weighted): 0.9753142857142857
MCC: 0.9734169686121098
Confusion matrix:
 [[4715   54    7    7    9   51   64   11    3    9    3   11   12   44]
 [  41 4905    1    0    6    4   32    3    1    0    1    0    2    4]
 [  15    3 4801   27   86    1    1    1    0    3    0   20   17   25]
 [   4    1   28 4931   28    2    1    1    0    2    1    0    0    1]
 [   8   12   86   28 4849    5    6    1    1    1    1    0    0    2]
 [  50    3    5    0    1 4901   20   10    0    4    0    0    6    0]
 [  78   50    3    1    4   25 4768   47    9    4    1    1    1    8]
 [   2    4    0    0    0    4   24 4947    8    6    4    0    0    1]
 [   1    3    1    0    3    0    9   19 4964    0    0    0    0    0]
 [   5    0    2    1    0    7    1    9    0 4903   71    0    1    0]
 [  14    2    2    1    0    3    2    5    0   96 4873    1    1    0]
 [   6    0   14    1    0    2    0    0    0    0    1 4952   15    9]
 [  12    2   10    1    1    2    0    0    1    1    0   23 4916   31]
 [  36   10   29    1    3    7    5    1    0    1    2    9   49 4847]]
('Model params: 0.234M', 'Model buffers: 0.000M', 'Model size: 0.894MB')

*******************************************

