MODEL: BERT_Eff_Multihead
DATASET: nlu
VOCAB_SIZE: 4096
EMBED_DIM: 128
FORWARD_EXPANSION: 2
MAX_LENGTH: 512
LAYERS: 1
REDUCED_EMBEDDING_DIM: 16
LR: 0.003
EPOCHS: 10

average eval loss: 0.5358927058322089
Accuracy: 0.8702912621359223
F1 (weighted): 0.8698312904809641
Precision (weighted): 0.8718141750894979
Recall (weighted): 0.8702912621359223
MCC: 0.8548822013082706
Confusion matrix:
 [[216   0   0   2   0   0   2   3   2   6  17   0   4   1   4   1   0   3]
 [  0  31   0   1   0   0   0   0   0   1   0   0   0   0   1   0   0   0]
 [  1   0  78   0   0   0   1   0   2   2   2   0   0   4   0   0   0   4]
 [  5   0   0  31   0   1   0   0   0   3   4   0   1   1   0   0   0   0]
 [  1   0   0   0  51   0   0   0   0   0   1   0   0   0   0   0   0   5]
 [  2   0   0   1   0  87   0   0   0   4   2   0   1   1   0   0   0   0]
 [  1   0   0   1   0   0  65   0   1   0   2   0   2   1   0   0   0   2]
 [  5   0   0   0   0   0   0  71   0   4   2   0   0   0   0   1   0   5]
 [  2   0   1   0   0   0   0   0  43   1   1   2   1  10   0   0   0   1]
 [  4   1   0   3   0   3   1   0   2  43   0   2   0   1   0   1   0   6]
 [ 17   1   1   6   0   1   3   0   0   4 546   2   0   7   2   3   0   7]
 [  1   0   0   0   0   0   0   0   0   0   4 115   0   2   0   0   0   0]
 [  2   0   0   0   0   0   1   0   0   0   4   0 171   0   1   0   1   1]
 [  2   0   1   0   0   0   2   0   6   0   7   2   0 231   0   1   0   0]
 [ 12   3   0   1   0   2   2   0   0   2   4   0   1   4  59   0   0   1]
 [  0   1   0   0   0   0   0   0   1   0   4   1   2   0   1  83   0   2]
 [  1   0   0   0   0   0   0   0   0   0   0   3   0   2   0   0  42   2]
 [  1   0   2   1   0   0   1   4   0   1   8   1   1   1   1   0   1 278]]
('Model params: 0.235M', 'Model buffers: 0.000M', 'Model size: 0.896MB')

*******************************************

MODEL: BERT_Eff_Multihead
DATASET: nlu
VOCAB_SIZE: 4096
EMBED_DIM: 128
FORWARD_EXPANSION: 2
MAX_LENGTH: 512
LAYERS: 1
REDUCED_EMBEDDING_DIM: 16
LR: 0.003
EPOCHS: 10

average eval loss: 0.64861104176158
Accuracy: 0.8438834951456311
F1 (weighted): 0.8441834191507808
Precision (weighted): 0.8468169182721552
Recall (weighted): 0.8438834951456311
MCC: 0.8255501779600489
Confusion matrix:
 [[214   1   0   7   0   3   3   6   2   3  13   0   1   1   2   2   0   3]
 [  1  26   0   0   0   1   1   0   0   2   0   0   1   0   0   0   1   1]
 [  0   1  78   1   0   0   0   0   1   1   2   0   1   4   0   0   0   5]
 [  5   4   0  28   0   0   0   0   1   3   4   0   0   1   0   0   0   0]
 [  0   0   0   0  51   0   2   1   0   0   1   0   0   0   0   0   0   3]
 [  4   0   0   0   0  80   3   1   1   4   2   1   1   0   0   0   0   1]
 [  0   1   1   0   1   0  59   0   0   1   5   0   3   2   0   0   1   1]
 [  5   1   0   0   0   0   0  74   0   0   3   0   1   0   1   3   0   0]
 [  1   0   0   1   0   0   0   0  43   0   2   1   2  10   0   0   1   1]
 [  5   6   0   1   0   2   2   0   0  39   3   0   0   1   1   1   0   6]
 [ 24   1   0   5   1   1   1   0   0   3 541   2   0   4   1   6   3   7]
 [  1   1   0   0   0   0   0   0   3   0   4 109   0   0   0   0   3   1]
 [  4   1   2   0   0   3   0   0   0   0   2   0 162   1   1   1   0   4]
 [  2   1   2   1   0   0   0   0   8   0   6   0   5 224   2   0   1   0]
 [ 13   0   1   0   0   2   0   1   1   3   7   0   0   2  57   2   0   2]
 [  1   1   0   1   0   1   1   0   0   1   0   1   3   0   2  81   0   2]
 [  0   0   0   0   0   0   0   0   0   0   2   1   0   1   0   0  44   2]
 [  5   1   2   0   0   2   2   8   0   8   4   0   3   0   0   2   1 263]]
('Model params: 0.235M', 'Model buffers: 0.000M', 'Model size: 0.896MB')

*******************************************

MODEL: BERT_Eff_Multihead
DATASET: nlu
VOCAB_SIZE: 4096
EMBED_DIM: 128
FORWARD_EXPANSION: 2
MAX_LENGTH: 512
LAYERS: 1
REDUCED_EMBEDDING_DIM: 16
LR: 0.003
EPOCHS: 10

average eval loss: 0.654451330502828
Accuracy: 0.8279611650485437
F1 (weighted): 0.8249850482630955
Precision (weighted): 0.8264976663864415
Recall (weighted): 0.8279611650485437
MCC: 0.8072912304824138
Confusion matrix:
 [[221   0   0   4   0   0   2   1   2   1  18   0   4   0   5   0   0   3]
 [  1  28   0   0   0   0   0   0   0   2   3   0   0   0   0   0   0   0]
 [  3   0  78   0   0   1   2   0   2   0   2   0   1   1   0   0   1   3]
 [ 10   0   0  21   0   0   0   0   0   1  12   0   0   0   1   1   0   0]
 [  0   0   0   0  52   0   0   2   0   1   2   0   0   0   0   0   0   1]
 [  7   1   0   3   0  77   2   2   0   0   5   0   0   1   0   0   0   0]
 [  0   0   0   0   0   1  62   0   0   0   8   0   1   0   2   0   0   1]
 [  4   0   0   0   0   0   0  72   0   0   7   0   0   0   1   3   0   1]
 [  4   0   1   1   0   0   0   0  42   0   1   2   1   9   0   0   0   1]
 [  8   2   0   6   0   3   2   1   0  18   4   0   1   1   1   6   0  14]
 [ 24   1   1   3   1   2   4   2   1   2 538   1   1   3   9   4   2   1]
 [  1   0   0   0   0   0   1   1   1   0   2 103   0   6   1   0   5   1]
 [  3   0   0   0   0   0   1   0   0   0   7   1 164   0   3   0   0   2]
 [  2   0   2   1   0   0   1   0  16   0   6   1   1 218   1   0   1   2]
 [ 11   0   0   2   0   3   1   0   0   0   2   1   1   4  59   1   0   6]
 [  2   2   0   0   0   0   1   1   0   4   2   1   2   0   0  78   1   1]
 [  1   0   0   0   0   0   0   0   1   0   1   6   0   1   0   0  38   2]
 [  4   0   3   1   0   1   1   3   0   4  15   0   1   1   2   2   0 263]]
('Model params: 0.235M', 'Model buffers: 0.000M', 'Model size: 0.896MB')

*******************************************

MODEL: BERT_Eff_Multihead
DATASET: nlu
VOCAB_SIZE: 4096
EMBED_DIM: 128
FORWARD_EXPANSION: 2
MAX_LENGTH: 512
LAYERS: 1
REDUCED_EMBEDDING_DIM: 16
LR: 0.003
EPOCHS: 10

average eval loss: 0.5820147466091883
Accuracy: 0.854757281553398
F1 (weighted): 0.8548935865938972
Precision (weighted): 0.8565629597905385
Recall (weighted): 0.854757281553398
MCC: 0.8377575884868234
Confusion matrix:
 [[216   1   0   1   0   1   3   5   0   5  13   0   1   2   8   0   1   4]
 [  0  31   0   1   0   0   0   0   0   1   0   0   0   0   0   1   0   0]
 [  2   1  80   1   0   0   0   0   0   1   2   0   0   3   0   0   1   3]
 [ 11   0   0  24   0   0   0   0   0   2   3   1   0   3   0   2   0   0]
 [  0   0   1   0  50   0   0   1   0   0   1   0   0   1   0   1   0   3]
 [  8   0   0   2   0  81   0   0   0   2   0   0   0   1   2   0   0   2]
 [  0   1   0   0   0   0  64   0   0   2   4   0   1   1   2   0   0   0]
 [  1   0   0   0   0   0   0  82   0   0   1   0   0   0   0   2   0   2]
 [  1   0   1   0   0   1   0   0  47   0   1   2   1   6   0   1   1   0]
 [  3   8   0   0   0   2   0   1   0  35   4   0   0   0   2   3   1   8]
 [ 21   1   0   6   1   1   2   1   2   6 536   2   0   4   5   2   3   7]
 [  0   0   0   0   0   0   0   0   0   0   8 109   0   2   1   0   2   0]
 [  3   0   2   0   0   1   2   0   0   0   1   0 166   1   3   0   1   1]
 [  1   0   1   1   0   1   0   0   9   2   2   1   0 230   2   0   2   0]
 [  9   0   0   0   0   2   2   0   0   4   5   0   1   1  62   2   0   3]
 [  0   2   0   0   0   0   0   1   0   1   2   1   2   1   0  84   0   1]
 [  0   0   0   0   0   0   0   0   0   0   2   5   0   3   0   0  38   2]
 [  2   1   1   1   1   0   0   3   0   9   9   0   2   2   2   1   1 266]]
('Model params: 0.235M', 'Model buffers: 0.000M', 'Model size: 0.896MB')

*******************************************

MODEL: BERT_Eff_Multihead
DATASET: nlu
VOCAB_SIZE: 4096
EMBED_DIM: 128
FORWARD_EXPANSION: 2
MAX_LENGTH: 512
LAYERS: 1
REDUCED_EMBEDDING_DIM: 16
LR: 0.003
EPOCHS: 10

average eval loss: 0.6047459429218656
Accuracy: 0.8543689320388349
F1 (weighted): 0.8538849588410209
Precision (weighted): 0.8556384790036092
Recall (weighted): 0.8543689320388349
MCC: 0.8369452720634669
Confusion matrix:
 [[212   1   0   3   0   1   5   2   1   7  20   0   2   0   3   0   1   3]
 [  1  29   0   0   0   0   0   0   0   0   1   0   2   0   0   0   1   0]
 [  4   1  75   0   0   0   0   0   1   3   1   0   1   2   0   0   2   4]
 [  8   1   1  21   0   1   0   0   0   3   7   0   1   1   1   1   0   0]
 [  0   0   0   0  52   0   0   2   0   0   1   0   0   0   0   0   0   3]
 [  6   0   0   2   0  83   0   1   0   2   2   0   0   0   2   0   0   0]
 [  0   1   1   0   0   0  59   0   0   1   6   0   1   0   3   0   0   3]
 [  2   0   0   0   0   0   0  80   0   2   1   0   1   0   0   1   0   1]
 [  1   1   0   0   0   0   0   0  41   0   1   0   1  14   0   0   2   1]
 [  5   0   0   1   0   3   1   1   0  45   2   0   1   1   1   0   0   6]
 [ 17   1   0   5   1   1   2   0   1   5 548   1   1   3   5   2   2   5]
 [  0   0   0   1   0   0   0   0   0   0   5 110   1   1   0   1   3   0]
 [  4   0   0   0   0   0   0   0   0   1   2   1 168   0   2   0   1   2]
 [  1   0   1   1   0   0   1   1   8   0   6   1   0 225   2   1   2   2]
 [  4   0   0   0   0   2   3   0   0   3  12   0   0   3  61   2   0   1]
 [  1   1   0   1   0   1   1   1   0   0   4   1   2   0   0  81   0   1]
 [  0   0   0   0   0   1   0   0   0   0   1   3   0   2   0   0  41   2]
 [  2   0   0   1   0   0   1   6   0   9  10   0   1   0   0   2   0 269]]
('Model params: 0.235M', 'Model buffers: 0.000M', 'Model size: 0.896MB')

*******************************************

**************************************************
==================================================
**************************************************
