Model config for current run:
ModelConfig(model_name='Embbert', embedding_dimension=128, reduced_embedding_dimension=16, number_of_heads=None, max_length=256, forward_expansion=0.33, num_layers=6, vocab_size=8192, learning_rate=0.001, pretraining_lr=None)
EPOCHS: 30

*******************************************

average eval loss:  1.0638
Accuracy: 0.740
F1: 0.761
Precision: 0.807
Recall: 0.740
MCC: 0.716
Confusion matrix:
 [[ 47   0   0   0   0   0   1   0   1   1   1   2   1   0   0   0   3   0]
 [  0  45   0   0   1   0   0   0   0   1   0   0   0   0   0   0   0   0]
 [  0  10 118   0   3   1   0   2   1   2   0   0   0   0   3   0   2   2]
 [  0   0   1 203   1   0  11   0   4   2   2   9   5  33   1   2   0   1]
 [  0   6   1   0 205   0   1   2   6  22   2   4   5   3   8   0   0   6]
 [  0   1   0   5   5 454   7   2  20   6   3  44  16  22   8  12   3   0]
 [  0   0   0   0   1   0  67   0   2   1   0   8   0   2   0   0   0   0]
 [  0   1   0   0   0   0   0  33   0   0   0   1   4   1   1   0   5   2]
 [  0   0   0   1   0   0   0   1  55   1   0   5   2   9   1   1   2   0]
 [  0   3   0   0   6   0   0   0   2  44   0   2   1   4   1   0   0   1]
 [  0   0   0   1   0   0   3   0   2   0  79   6   1   6   0   0   0   0]
 [  0   1   2   5   0   0  13   0  21   2   5 175   4  15  11   0   1   0]
 [  0   0   0   1   0   0   0   0  11   1   0   2  42   6   2   0   8   1]
 [  0   0   0   1   0   0   1   0  16   0   1   8   5  24   1   0   1   0]
 [  0   0   0   1   0   0   0   4   0   1   0   2   3   2  34   0   0   1]
 [  1   0   0   3   0   0   1   1   4   0  10  13   5   4   1 136   1   2]
 [  0   0   0   0   1   0   0   0   9   1   0   1  10   2   0   1  61   0]
 [  1   0   0   1   0   0   0   2   1   2   1   1   2   2   4   0   1  80]]
('Model params: 352.906K', 'Model buffers: 0.000K', 'Model size: 1.346MB')

*******************************************

average eval loss:  0.9143
Accuracy: 0.758
F1: 0.773
Precision: 0.808
Recall: 0.758
MCC: 0.736
Confusion matrix:
 [[ 50   0   0   3   0   0   0   1   0   2   1   0   0   0   0   0   0   0]
 [  0  40   3   0   3   0   0   0   0   1   0   0   0   0   0   0   0   0]
 [  1   2 122   0   5   0   0   2   0   3   0   2   0   0   6   0   1   0]
 [  1   1   0 192   1   0  15   4   2   5  17   2   6  17   1   2   7   2]
 [  0   8   4   2 204   0   1   1   1  26   0   5   0   0   8   1   7   3]
 [  2   4   4  21   1 468   4   0   9   6   6  25   4  12  30   3   8   1]
 [  0   1   0   1   0   0  64   0   0   0  11   3   0   0   0   0   0   1]
 [  1   1   0   3   0   0   1  35   0   0   5   0   0   1   0   0   1   0]
 [  0   0   1   2   0   0   0   0  54   0   0   3   4   2   7   0   5   0]
 [  0   1   1   0  10   1   0   0   0  40   0   1   0   0   4   2   2   2]
 [  0   1   0   4   0   0   2   0   0   0  85   2   0   2   0   1   1   0]
 [  0   2   0  11   0   0   4   0   6   1   5 156   2  17  45   4   2   0]
 [  0   0   0   2   0   0   0   0   4   2   0   1  61   1   0   2   1   0]
 [  0   0   0   3   0   0   0   0   3   0   6   3   0  41   2   0   0   0]
 [  0   2   0   1   0   0   0   0   0   3   0   6   0   1  33   0   2   0]
 [  0   1   0   1   0   1   0   1   1   2   1   1  10   1   2 156   1   3]
 [  0   0   1   7   0   0   0   1   2   2   1   1   1   2   3   0  64   1]
 [  0   0   0   2   0   0   0   1   0   2   0   1   0   3   1   2   1  85]]
('Model params: 352.906K', 'Model buffers: 0.000K', 'Model size: 1.346MB')

*******************************************

average eval loss:  0.8548
Accuracy: 0.787
F1: 0.800
Precision: 0.830
Recall: 0.787
MCC: 0.767
Confusion matrix:
 [[ 49   1   0   1   0   1   0   0   0   0   0   2   0   0   2   0   1   0]
 [  0  40   0   0   5   0   0   0   0   0   0   2   0   0   0   0   0   0]
 [  1   2 118   0   6   0   0   1   1   0   1   8   0   0   5   0   0   1]
 [  0   0   0 218   1   2   5   0   8   0   3   9   2  12   2   6   6   1]
 [  0   1   1   1 213   1   2   0   6  21   0  12   1   1   8   2   0   1]
 [  0   1   3   6   1 479   7   4  21   0   4  41   9   9  17   1   5   0]
 [  0   0   0   0   0   1  65   0   2   0   7   5   0   0   0   1   0   0]
 [  0   0   0   0   0   0   0  43   1   0   0   0   0   3   1   0   0   0]
 [  0   0   1   2   0   0   1   0  60   0   0   7   2   1   0   2   2   0]
 [  0   0   0   1   8   0   0   0   0  43   0   7   0   1   4   0   0   0]
 [  0   0   0   0   0   0   2   1   5   0  87   1   0   2   0   0   0   0]
 [  0   2   0   1   4   1   5   1  29   3   2 172   6   7  18   1   1   2]
 [  0   0   1   4   0   2   0   0   6   0   0   3  53   0   1   4   0   0]
 [  0   0   0   1   0   1   0   0   6   0   0   1   0  46   1   0   2   0]
 [  0   0   0   0   0   0   0   1   0   0   2   3   0   0  41   0   1   0]
 [  0   0   0   3   0   2   0   0  13   0   2   7   4   2   3 144   0   2]
 [  0   0   0   2   1   0   0   0   3   0   0   1   0   2   5   1  71   0]
 [  0   0   1   5   0   0   0   0   0   3   0   0   0   2   2   2   0  83]]
('Model params: 352.906K', 'Model buffers: 0.000K', 'Model size: 1.346MB')

*******************************************

average eval loss:  0.9176
Accuracy: 0.742
F1: 0.759
Precision: 0.806
Recall: 0.742
MCC: 0.720
Confusion matrix:
 [[ 52   0   0   0   0   0   0   2   0   0   1   0   0   0   2   0   0   0]
 [  0  42   1   1   1   0   0   0   0   0   0   0   0   1   1   0   0   0]
 [  1  17 114   0   3   0   0   0   1   1   0   1   0   0   6   0   0   0]
 [  0   0   0 199   1   1   8   5   0   3   7   9   1  34   1   3   2   1]
 [  0  23   6   3 193   4   1   3   2  21   2   5   1   0   4   0   0   3]
 [  1   0  26   8   3 446  10   5   5   2  27  44   3   9  13   1   3   2]
 [  0   0   1   0   0   0  69   0   0   0   2   8   0   0   0   1   0   0]
 [  0   0   0   1   0   0   0  33   0   0   1   8   0   5   0   0   0   0]
 [  0   0   0   1   0   1   2   2  43   0  14   2   0  10   2   0   1   0]
 [  0   2   0   0   4   0   1   0   0  46   2   5   0   1   2   0   0   1]
 [  0   0   0   0   0   1   7   1   1   0  75   1   1  10   1   0   0   0]
 [  1   2   6   4   0   1  11   3   1   9  16 171   3  10  11   6   0   0]
 [  1   0   0   1   0   0   0   0   4   0   3   5  50   6   2   2   0   0]
 [  0   0   0   1   0   0   0   0   0   0   5   1   1  47   0   0   2   1]
 [  1   0   0   1   1   0   1   2   0   1   0   3   0   0  38   0   0   0]
 [  0   0   0   0   0   0   0   3   2   1   9   2   2  18   4 139   0   2]
 [  0   0   0   2   0   1   0   0   2   1   2   3   0   4   0   1  69   1]
 [  0   0   0   2   0   0   0   3   1   3   2   1   0   3   0   0   0  83]]
('Model params: 352.906K', 'Model buffers: 0.000K', 'Model size: 1.346MB')

*******************************************

