Model config for current run:
ModelConfig(model_name='Embedder_multi_conv', embedding_dimension=128, reduced_embedding_dimension=16, number_of_heads=None, max_length=512, forward_expansion=1, num_layers=1, vocab_size=4096)
LR: 0.005
EPOCHS: 20

*******************************************

average eval loss:  0.4878
Accuracy: 0.874
F1: 0.876
Precision: 0.884
Recall: 0.874
MCC: 0.861
Confusion matrix:
 [[ 62   0   0   1   0   0   2   0   0   1   0   1   0   0   0   0   0   0]
 [  1  41   1   0   0   2   0   0   0   1   0   0   0   0   0   0   0   0]
 [  0   2 124   0   0   0   0   0   0   0   1   1   0   1   1   0   0   2]
 [  0   0   0 283   0   3   3   1   0   0   3   5   0   9   3   1   1   2]
 [  1   7   2   0 215   1   0   1   3  16   0   3   1   1   1   0   1   0]
 [  1   4   4   7   2 488   5   3   4   4   4  32   9   3   6   1   3   1]
 [  0   0   0   1   0   0  79   0   0   0   0   1   1   0   0   1   0   0]
 [  0   0   0   0   0   0   0  45   0   0   0   1   0   0   3   0   4   0]
 [  0   0   3   0   0   1   1   0  66   1   0   4   2   1   2   2   2   1]
 [  1   1   0   0   3   1   0   0   0  44   0   3   1   0   0   0   0   1]
 [  0   0   0   1   0   0   2   0   0   0  98   0   1   0   0   1   0   0]
 [  0   0   3   0   3   6   0   0   2   1   5 206   9   2   1   1   2   1]
 [  0   0   0   0   0   0   0   0   3   0   0   2  70   0   0   1   0   1]
 [  0   0   0   2   0   0   0   4   0   0   0   3   3  49   0   0   3   0]
 [  0   0   0   2   0   1   0   1   0   0   0   1   0   0  32   0   1   0]
 [  1   0   0   1   0   2   0   0   1   0   0   6   3   0   0 169   1   0]
 [  0   0   0   0   0   0   0   0   0   0   0   3   0   0   1   0  97   0]
 [  0   1   1   3   3   1   0   1   0   0   0   1   1   2   0   0   0  79]]
('Model params: 0.142M', 'Model buffers: 0.000M', 'Model size: 0.544MB')

*******************************************

average eval loss:  0.4949
Accuracy: 0.879
F1: 0.881
Precision: 0.887
Recall: 0.879
MCC: 0.866
Confusion matrix:
 [[ 62   1   0   1   0   0   2   0   0   0   0   1   0   0   0   0   0   0]
 [  0  41   1   0   0   0   0   0   0   1   0   0   0   0   1   2   0   0]
 [  0   0 126   0   1   2   0   0   0   0   0   0   1   1   0   0   0   1]
 [  0   0   0 282   0   2   7   0   0   1   1   1   1  10   1   0   3   5]
 [  0   6   1   1 223   6   0   1   2  10   0   1   0   0   0   0   1   1]
 [  1   3   2   6   4 496   5   3  10   3   2  19   5   9   5   3   5   0]
 [  0   0   1   0   0   0  79   0   0   1   0   1   0   0   0   1   0   0]
 [  0   0   0   0   0   0   0  43   1   0   0   2   2   1   3   0   0   1]
 [  0   0   1   0   1   2   1   0  74   0   1   3   0   1   0   1   1   0]
 [  0   1   0   3   3   1   0   0   0  44   1   1   1   0   0   0   0   0]
 [  0   0   1   1   0   0   2   0   0   0  96   0   0   2   0   1   0   0]
 [  0   0   1   0   6   6   2   1   8   2   1 198   4   3   4   1   5   0]
 [  0   0   0   0   0   1   0   0   3   0   0   2  68   0   0   1   1   1]
 [  0   0   0   1   0   1   0   1   1   1   0   1   1  56   0   0   1   0]
 [  0   0   0   1   0   0   0   2   0   0   1   1   1   0  32   0   0   0]
 [  0   0   0   3   0   5   0   0   4   2   0   3   1   0   0 166   0   0]
 [  0   0   0   1   0   0   0   0   2   0   0   3   0   0   0   0  95   0]
 [  0   1   0   3   1   2   1   1   0   0   0   1   0   2   1   1   0  79]]
('Model params: 0.142M', 'Model buffers: 0.000M', 'Model size: 0.544MB')

*******************************************

average eval loss:  0.4709
Accuracy: 0.874
F1: 0.876
Precision: 0.882
Recall: 0.874
MCC: 0.861
Confusion matrix:
 [[ 61   1   0   2   0   0   2   0   0   0   0   1   0   0   0   0   0   0]
 [  1  41   0   1   0   0   0   0   0   2   0   0   0   0   0   1   0   0]
 [  0   1 124   0   0   1   0   0   1   0   0   1   0   2   0   2   0   0]
 [  0   0   0 282   0   1   6   1   0   1   1   8   0   6   0   1   3   4]
 [  0   6   0   3 218   2   0   1   2  16   0   3   0   0   0   0   1   1]
 [  1   2   3  10   2 490   4   1   7   5   5  30   6   6   5   1   2   1]
 [  0   0   0   0   0   1  79   0   0   0   0   2   0   0   0   1   0   0]
 [  0   0   0   0   1   0   0  45   0   0   0   1   1   0   3   1   1   0]
 [  0   0   0   0   1   1   1   2  66   0   1   5   2   3   0   2   2   0]
 [  0   1   0   1   2   2   0   0   0  46   0   1   1   0   0   0   0   1]
 [  0   0   1   2   0   0   1   0   0   0  95   1   0   2   0   1   0   0]
 [  0   0   2   0   3   9   2   0   5   2   2 201   8   2   1   1   4   0]
 [  0   0   0   0   0   2   0   0   2   0   0   1  70   0   0   1   0   1]
 [  0   0   0   0   1   0   1   1   0   0   0   2   2  56   0   0   1   0]
 [  0   0   0   0   0   1   0   1   0   0   1   1   0   0  34   0   0   0]
 [  0   0   0   5   0   3   0   0   1   2   1   3   2   0   0 166   0   1]
 [  0   0   0   0   0   0   0   0   1   0   0   5   0   0   1   0  94   0]
 [  0   0   0   2   1   3   1   0   0   2   1   1   0   2   0   0   1  79]]
('Model params: 0.142M', 'Model buffers: 0.000M', 'Model size: 0.544MB')

*******************************************

average eval loss:  0.4846
Accuracy: 0.876
F1: 0.878
Precision: 0.884
Recall: 0.876
MCC: 0.863
Confusion matrix:
 [[ 61   1   0   2   0   0   2   0   0   0   0   1   0   0   0   0   0   0]
 [  0  40   0   0   0   1   0   0   1   1   0   2   0   0   0   1   0   0]
 [  0   0 125   0   0   0   0   1   0   0   0   3   0   1   0   1   0   1]
 [  2   0   0 286   0   1   7   1   1   0   1   3   0   4   0   1   2   5]
 [  0   4   3   2 218   3   0   1   2  15   0   3   0   0   0   0   1   1]
 [  1   1   4  19   3 485   3   3   5   2   3  32   4   4   8   1   3   0]
 [  0   0   0   1   0   0  80   0   0   0   0   1   0   0   0   1   0   0]
 [  0   0   0   1   0   1   0  46   0   0   0   0   0   2   1   0   1   1]
 [  0   0   0   2   2   2   0   2  67   0   0   5   1   1   1   2   1   0]
 [  0   1   0   0   3   1   0   0   0  45   0   2   2   0   0   0   0   1]
 [  0   1   0   1   0   0   0   0   0   0  97   2   0   0   0   1   0   1]
 [  0   1   1   2   1   7   1   0   4   4   0 210   2   4   1   0   4   0]
 [  0   0   1   2   0   1   0   0   1   0   0   1  68   1   1   1   0   0]
 [  0   0   0   2   0   0   0   3   0   1   0   4   0  53   0   0   1   0]
 [  0   0   0   0   0   1   0   1   0   0   0   2   0   2  32   0   0   0]
 [  0   0   0   6   0   3   0   0   2   1   0   4   2   0   0 166   0   0]
 [  0   0   0   0   0   1   0   0   0   0   0   2   0   1   2   0  95   0]
 [  0   1   0   3   1   1   0   1   0   0   0   4   0   1   2   0   0  79]]
('Model params: 0.142M', 'Model buffers: 0.000M', 'Model size: 0.544MB')

*******************************************

average eval loss:  0.4790
Accuracy: 0.885
F1: 0.886
Precision: 0.890
Recall: 0.885
MCC: 0.872
Confusion matrix:
 [[ 62   1   0   1   0   0   2   0   0   0   0   1   0   0   0   0   0   0]
 [  2  40   0   0   0   0   0   0   0   1   0   0   1   0   1   1   0   0]
 [  0   1 126   0   0   1   0   0   0   0   0   1   0   1   0   0   0   2]
 [  0   0   0 286   0   3   6   1   0   0   0   2   1   7   0   1   1   6]
 [  0   6   0   0 221   3   1   1   3  10   0   0   0   0   0   1   2   5]
 [  1   1   3   5   2 499   4   2   6   2   3  26   2   6   8   4   2   5]
 [  0   0   0   0   0   0  79   0   1   0   0   1   1   0   0   1   0   0]
 [  0   0   0   0   0   0   0  45   0   1   0   0   0   0   3   1   2   1]
 [  1   1   0   1   0   3   1   0  68   0   0   3   0   1   0   2   2   3]
 [  0   0   0   2   5   2   0   0   0  44   0   1   0   0   0   0   0   1]
 [  0   0   1   2   0   1   1   0   0   0  95   0   0   1   1   1   0   0]
 [  0   0   2   0   4  13   1   1   5   1   1 201   4   2   1   0   6   0]
 [  0   0   0   0   0   1   1   0   2   0   0   1  68   0   1   2   0   1]
 [  0   0   0   0   0   2   0   2   0   0   0   3   0  55   0   1   1   0]
 [  0   0   0   0   0   1   0   1   0   0   0   0   0   2  34   0   0   0]
 [  0   0   0   1   2   2   0   0   1   0   0   3   1   0   1 173   0   0]
 [  0   0   0   0   0   0   1   0   0   0   0   2   0   0   1   0  97   0]
 [  0   1   0   2   2   1   1   1   0   0   0   0   1   2   0   0   0  82]]
('Model params: 0.142M', 'Model buffers: 0.000M', 'Model size: 0.544MB')

*******************************************

**************************************************
==================================================
**************************************************
