Model config for current run:
ModelConfig(model_name='Embedder_only', embedding_dimension=256, reduced_embedding_dimension=20, number_of_heads=None, max_length=256, forward_expansion=1, num_layers=1, vocab_size=10446)
LR: 0.005
EPOCHS: 30

*******************************************

average eval loss:  0.4474
Accuracy: 0.872
F1: 0.874
Precision: 0.881
Recall: 0.872
MCC: 0.858
Confusion matrix:
 [[ 62   0   0   2   0   0   0   0   0   0   0   0   0   0   0   0   0   0]
 [  1  33   0   0   1   0   0   0   0   1   0   1   0   0   0   0   0   0]
 [  0   1 127   1   2   0   1   0   0   0   1   1   0   0   0   0   0   1]
 [  5   1   1 243   1   5   3   0   4   1   2   2   2   9   0   1   0   7]
 [  0   8   2   0 232   3   1   0   2  10   1   3   1   1   0   1   0   2]
 [  0   2   1   4   2 540   1   2   8   1   6  18   0  15   3   3   3   2]
 [  0   0   0   2   0   0  60   1   0   0   2   1   0   0   0   0   0   0]
 [  0   0   0   0   0   0   0  38   0   0   0   1   0   2   0   0   0   0]
 [  0   0   0   0   2   1   1   0  81   0   1   7   2   4   0   0   0   0]
 [  1   3   0   0   6   0   0   0   0  42   0   1   1   1   0   0   0   1]
 [  0   0   0   0   0   1   0   1   0   0  90   3   0   1   0   0   0   0]
 [  0   0   2   2   2  13   0   1  11   2   2 165   2   5   2   1   2   2]
 [  0   1   0   2   0   3   0   2   3   0   0   1  52   0   0   3   0   0]
 [  0   0   0   2   1   1   0   3   2   1   0   1   0  53   0   1   1   1]
 [  1   0   0   0   0   0   0   1   0   0   2   3   0   1  35   0   0   1]
 [  0   0   0   2   1   0   0   2   1   1   0   0   2   0   0 183   0   2]
 [  0   0   0   0   0   1   0   1   3   0   1   0   0   2   0   0 111   1]
 [  1   0   0   2   2   0   0   2   0   1   0   1   0   0   1   1   0  96]]
('Model params: 0.229M', 'Model buffers: 0.000M', 'Model size: 0.873MB')

*******************************************

average eval loss:  0.5466
Accuracy: 0.877
F1: 0.878
Precision: 0.882
Recall: 0.877
MCC: 0.863
Confusion matrix:
 [[ 62   0   0   2   0   0   0   0   0   0   0   0   0   0   0   0   0   0]
 [  1  34   0   0   1   0   0   0   0   0   0   1   0   0   0   0   0   0]
 [  0   1 126   0   5   0   1   0   1   0   1   0   0   0   0   0   0   0]
 [  3   1   1 252   4   6   4   0   1   1   2   0   1   7   0   3   0   1]
 [  0   3   0   1 247   3   1   1   2   5   0   2   0   1   0   1   0   0]
 [  0   0   1   2   7 548   0   3  12   1   4  14   0   8   2   3   5   1]
 [  0   0   0   2   0   0  61   1   0   0   1   1   0   0   0   0   0   0]
 [  0   0   0   1   0   0   0  38   0   0   0   1   0   1   0   0   0   0]
 [  0   0   0   1   5   3   1   0  82   0   0   3   1   2   0   1   0   0]
 [  0   1   0   1   9   0   0   0   0  41   0   1   0   1   0   1   0   1]
 [  0   0   0   0   1   1   0   1   1   0  88   1   0   2   0   1   0   0]
 [  0   0   1   1   8  11   2   0  11   2   3 150   5   9   2   4   3   2]
 [  0   0   0   0   0   2   1   1   3   0   0   2  54   0   0   4   0   0]
 [  0   0   0   1   1   1   0   2   0   1   0   2   1  56   0   1   1   0]
 [  0   0   0   0   0   5   1   2   0   1   1   2   0   0  32   0   0   0]
 [  0   1   0   2   1   1   0   0   1   0   0   0   1   0   0 186   0   1]
 [  1   0   0   1   0   0   3   1   2   0   0   0   1   3   0   0 107   1]
 [  1   0   0   2   1   2   0   3   0   1   0   3   0   0   0   2   0  92]]
('Model params: 0.229M', 'Model buffers: 0.000M', 'Model size: 0.873MB')

*******************************************

average eval loss:  0.5141
Accuracy: 0.874
F1: 0.875
Precision: 0.878
Recall: 0.874
MCC: 0.859
Confusion matrix:
 [[ 62   0   0   2   0   0   0   0   0   0   0   0   0   0   0   0   0   0]
 [  0  36   0   0   0   0   0   0   0   0   0   1   0   0   0   0   0   0]
 [  0   1 126   0   2   1   1   0   1   0   1   2   0   0   0   0   0   0]
 [  2   2   0 250   0   6   4   0   4   0   2   1   1   7   1   2   0   5]
 [  0   7   0   1 234   5   1   0   2   7   0   4   1   1   0   2   0   2]
 [  1   1   1   2   3 553   3   2   9   0   2  21   1   2   3   1   2   4]
 [  0   0   0   1   0   1  61   1   0   0   1   1   0   0   0   0   0   0]
 [  0   0   0   0   0   1   1  37   0   0   0   1   0   1   0   0   0   0]
 [  0   0   0   1   2   3   1   0  84   0   0   5   2   1   0   0   0   0]
 [  0   2   0   2   6   0   0   0   2  40   0   1   0   1   0   0   0   2]
 [  0   0   0   0   0   3   2   0   2   0  82   3   0   2   0   0   1   1]
 [  0   0   1   4   2  18   1   1  10   1   2 159   3   5   2   2   1   2]
 [  0   0   0   1   0   4   0   0   2   0   0   2  54   1   1   2   0   0]
 [  0   0   0   2   2   2   0   1   2   0   0   3   0  52   0   1   1   1]
 [  0   0   0   0   0   5   0   1   0   0   1   4   0   0  33   0   0   0]
 [  0   1   0   3   1   3   0   1   1   0   1   0   1   0   0 182   0   0]
 [  0   0   0   0   0   2   3   1   2   0   0   2   0   3   0   0 106   1]
 [  1   0   0   2   1   2   0   0   0   1   0   2   0   0   0   1   0  97]]
('Model params: 0.229M', 'Model buffers: 0.000M', 'Model size: 0.873MB')

*******************************************

average eval loss:  0.5017
Accuracy: 0.881
F1: 0.883
Precision: 0.887
Recall: 0.881
MCC: 0.868
Confusion matrix:
 [[ 63   0   0   1   0   0   0   0   0   0   0   0   0   0   0   0   0   0]
 [  0  34   1   0   1   1   0   0   0   0   0   0   0   0   0   0   0   0]
 [  0   2 128   0   1   0   1   0   0   0   2   0   0   0   0   0   1   0]
 [  4   2   1 247   0   5   4   0   3   0   1   4   1  10   0   1   0   4]
 [  0   5   1   0 241   2   1   1   2   8   0   3   0   1   0   1   0   1]
 [  0   1   2   4   1 549   0   3   7   1   3  23   0   8   2   4   1   2]
 [  0   0   0   3   0   0  61   1   0   0   0   1   0   0   0   0   0   0]
 [  0   0   0   1   0   0   0  38   0   0   0   0   0   2   0   0   0   0]
 [  0   0   0   1   1   5   2   0  82   0   0   5   1   2   0   0   0   0]
 [  0   2   0   1   6   0   1   0   0  43   0   1   0   1   0   0   1   0]
 [  0   0   0   1   0   3   0   1   0   0  86   3   0   2   0   0   0   0]
 [  0   1   2   3   0  12   2   0   7   3   2 164   3   9   2   1   2   1]
 [  0   0   0   0   0   3   0   1   2   0   0   1  55   1   1   3   0   0]
 [  0   0   0   1   1   1   1   0   1   0   0   2   0  56   0   1   1   2]
 [  0   0   1   0   0   3   1   1   0   0   1   2   0   0  34   0   0   1]
 [  0   0   1   3   2   1   0   1   1   0   0   0   1   0   0 184   0   0]
 [  0   0   0   0   1   0   2   1   2   0   0   1   0   4   0   0 108   1]
 [  1   0   0   1   1   7   0   1   0   1   0   0   0   1   0   1   0  93]]
('Model params: 0.229M', 'Model buffers: 0.000M', 'Model size: 0.873MB')

*******************************************

average eval loss:  0.5190
Accuracy: 0.875
F1: 0.876
Precision: 0.880
Recall: 0.875
MCC: 0.860
Confusion matrix:
 [[ 62   0   0   2   0   0   0   0   0   0   0   0   0   0   0   0   0   0]
 [  0  36   1   0   0   0   0   0   0   0   0   0   0   0   0   0   0   0]
 [  0   1 125   0   2   1   1   0   1   0   2   0   0   1   0   0   0   1]
 [  3   1   0 245   1   6   6   0   3   0   2   1   1   9   0   4   1   4]
 [  0   6   1   1 240   5   1   0   2   4   0   4   0   1   0   1   1   0]
 [  0   3   2   1   3 548   0   2   9   1   4  20   1   8   2   3   2   2]
 [  0   0   0   3   0   0  60   1   0   0   0   2   0   0   0   0   0   0]
 [  0   0   0   0   0   1   1  37   0   0   0   1   0   1   0   0   0   0]
 [  0   0   0   1   2   3   1   0  80   0   0   5   3   4   0   0   0   0]
 [  1   2   0   0   7   1   0   0   0  41   0   2   0   1   0   1   0   0]
 [  0   0   0   1   0   3   1   1   0   1  84   5   0   0   0   0   0   0]
 [  0   0   1   3   3  19   0   0  11   0   3 157   2   8   2   1   3   1]
 [  0   0   0   1   0   4   0   1   1   0   0   1  55   1   0   3   0   0]
 [  0   0   0   2   1   1   1   1   1   0   0   0   1  56   0   1   2   0]
 [  0   0   0   0   0   2   0   1   0   0   1   3   0   0  36   0   0   1]
 [  0   2   0   2   1   0   0   1   1   0   0   1   1   0   0 184   0   1]
 [  0   1   0   1   0   1   2   1   2   0   0   0   0   2   0   0 110   0]
 [  1   0   0   3   2   4   0   1   0   1   0   0   0   0   0   1   0  94]]
('Model params: 0.229M', 'Model buffers: 0.000M', 'Model size: 0.873MB')

*******************************************

