Model config for current run:
ModelConfig(model_name='Embedder_only', embedding_dimension=320, reduced_embedding_dimension=32, number_of_heads=None, max_length=256, forward_expansion=1, num_layers=1, vocab_size=8192, learning_rate=0.002, pretraining_lr=None)
EPOCHS: 30

*******************************************

average eval loss:  0.4430
Accuracy: 0.898
F1: 0.898
Precision: 0.900
Recall: 0.898
MCC: 0.886
Confusion matrix:
 [[ 52   0   0   3   0   0   1   0   0   0   0   1   0   0   0   0   0   0]
 [  0  46   1   0   0   0   0   0   0   0   0   0   0   0   0   0   0   0]
 [  0   0 139   0   3   0   0   1   0   0   0   1   0   0   0   0   0   0]
 [  2   1   0 249   4   3   3   0   1   0   0   2   1   1   0   5   1   2]
 [  0   0   1   0 252   1   1   1   1   4   0   4   2   2   0   0   0   2]
 [  1   0   1  11   6 541   2   0   9   1   4  16   2   4   3   3   4   0]
 [  0   0   0   1   1   1  76   0   1   0   0   1   0   0   0   0   0   0]
 [  0   0   0   1   0   0   0  43   0   0   0   1   0   2   1   0   0   0]
 [  0   1   1   1   0   2   1   1  64   0   0   5   0   1   0   0   1   0]
 [  0   0   1   3   8   2   0   0   0  47   0   1   0   1   0   0   0   1]
 [  0   1   0   1   0   2   0   0   0   0  94   0   0   0   0   0   0   0]
 [  0   0   1   3   1  10   2   0   2   1   5 211   5   6   2   1   4   1]
 [  0   0   0   0   2   1   0   0   2   1   0   0  68   0   0   0   0   0]
 [  0   0   0   1   0   0   0   0   1   0   0   3   1  50   0   0   2   0]
 [  0   0   0   1   0   1   0   1   0   0   0   1   0   0  43   0   1   0]
 [  0   0   0   1   1   1   0   0   3   0   1   3   1   0   0 169   0   2]
 [  0   0   1   1   1   2   1   0   0   0   0   2   0   1   0   0  77   0]
 [  0   0   0   3   1   2   0   1   0   0   0   0   0   2   0   1   0  88]]
('Model params: 297.554K', 'Model buffers: 0.000K', 'Model size: 1.135MB')

*******************************************

average eval loss:  0.3991
Accuracy: 0.892
F1: 0.893
Precision: 0.895
Recall: 0.892
MCC: 0.880
Confusion matrix:
 [[ 52   0   0   2   0   0   1   0   0   0   1   1   0   0   0   0   0   0]
 [  0  46   0   0   0   0   0   0   0   0   0   1   0   0   0   0   0   0]
 [  0   0 137   0   4   0   0   1   1   0   0   0   0   1   0   0   0   0]
 [  2   0   0 244   1   2   5   1   1   1   2   3   1   4   1   4   0   3]
 [  0   1   0   1 246   4   2   0   0   8   1   3   2   0   0   1   0   2]
 [  1   0   3   8   2 532   3   2   7   2   2  23   3   5   6   4   4   1]
 [  0   0   0   2   1   0  75   0   0   0   1   2   0   0   0   0   0   0]
 [  0   0   0   0   0   1   0  45   0   0   0   0   1   1   0   0   0   0]
 [  0   1   0   0   0   2   1   0  63   1   0   5   3   1   0   0   1   0]
 [  0   1   0   0   9   2   0   1   0  47   0   2   0   1   0   0   0   1]
 [  0   0   0   1   0   2   1   0   0   0  93   0   0   0   1   0   0   0]
 [  0   1   0   2   0   8   0   0   4   1   2 220   2   3   2   5   3   2]
 [  0   0   0   0   0   1   0   1   2   1   0   0  69   0   0   0   0   0]
 [  0   0   1   1   0   1   0   0   1   0   0   3   0  50   0   0   1   0]
 [  0   0   0   0   0   1   0   0   0   0   1   1   0   0  43   0   1   1]
 [  0   1   0   0   1   3   0   0   1   0   2   4   1   1   0 166   0   2]
 [  0   1   1   0   1   0   0   0   0   0   1   2   0   2   0   0  78   0]
 [  0   1   0   3   1   2   0   1   0   1   0   0   0   0   0   0   0  89]]
('Model params: 297.554K', 'Model buffers: 0.000K', 'Model size: 1.135MB')

*******************************************

average eval loss:  0.4185
Accuracy: 0.900
F1: 0.901
Precision: 0.903
Recall: 0.900
MCC: 0.888
Confusion matrix:
 [[ 53   0   0   1   0   0   1   0   0   0   1   0   0   1   0   0   0   0]
 [  0  45   0   2   0   0   0   0   0   0   0   0   0   0   0   0   0   0]
 [  0   0 138   0   2   0   0   1   0   1   0   1   0   0   0   0   1   0]
 [  2   0   0 249   2   4   5   0   1   1   1   2   0   3   0   3   0   2]
 [  0   0   2   1 245   2   1   2   3   7   0   4   0   1   0   0   0   3]
 [  1   2   1  12   0 543   6   2   6   2   3  15   2   4   1   3   4   1]
 [  0   0   0   2   1   0  75   0   1   0   0   1   0   0   0   0   1   0]
 [  0   0   0   1   0   2   0  43   0   0   0   0   0   2   0   0   0   0]
 [  0   0   0   1   0   3   1   0  67   0   1   2   0   0   0   0   3   0]
 [  0   0   0   1   4   2   0   0   0  52   0   3   0   2   0   0   0   0]
 [  0   0   0   0   0   1   1   0   0   0  95   0   0   0   0   0   1   0]
 [  0   0   0   1   2   7   1   0   2   4   2 219   4   7   1   3   2   0]
 [  0   0   0   1   0   4   0   0   2   0   0   2  63   0   0   2   0   0]
 [  0   0   0   0   0   2   0   0   2   0   0   1   0  51   0   0   2   0]
 [  0   0   0   0   0   1   0   2   0   0   0   2   0   0  43   0   0   0]
 [  1   0   0   1   0   3   0   0   2   1   1   2   0   1   0 168   1   1]
 [  1   0   0   1   1   0   0   1   0   0   1   3   0   1   0   0  77   0]
 [  0   0   0   2   0   2   1   2   0   1   0   0   0   1   0   1   0  88]]
('Model params: 297.554K', 'Model buffers: 0.000K', 'Model size: 1.135MB')

*******************************************

average eval loss:  0.4266
Accuracy: 0.890
F1: 0.891
Precision: 0.894
Recall: 0.890
MCC: 0.878
Confusion matrix:
 [[ 53   0   0   2   0   0   1   0   0   0   0   1   0   0   0   0   0   0]
 [  0  46   0   0   1   0   0   0   0   0   0   0   0   0   0   0   0   0]
 [  0   2 138   1   2   0   0   1   0   0   0   0   0   0   0   0   0   0]
 [  2   0   1 247   2   3   5   0   1   0   0   1   2   5   0   4   0   2]
 [  0   2   3   1 247   2   1   1   1   6   0   3   0   0   1   0   0   3]
 [  1   3   4   8   4 536   3   0   5   1   2  18   1   4  10   4   3   1]
 [  0   0   0   1   2   0  74   0   0   0   1   2   0   0   0   0   0   1]
 [  0   0   0   0   1   1   0  42   0   0   0   1   0   3   0   0   0   0]
 [  0   0   0   2   2   1   1   0  61   0   1   6   2   0   2   0   0   0]
 [  0   0   0   0   8   0   0   0   0  51   0   3   0   1   0   0   0   1]
 [  0   1   0   0   0   1   0   0   0   0  94   1   0   0   0   0   1   0]
 [  0   1   0   2   0   9   1   0   6   3   3 211   2   8   2   3   4   0]
 [  0   0   0   1   1   0   0   0   2   0   1   1  66   0   1   1   0   0]
 [  0   0   0   1   0   0   0   0   1   0   0   3   0  50   0   0   3   0]
 [  0   0   1   0   0   0   0   1   0   0   0   2   0   0  44   0   0   0]
 [  0   2   0   0   0   2   0   0   2   1   1   6   2   0   0 166   0   0]
 [  0   0   1   1   1   0   2   0   2   0   1   1   0   1   0   0  74   2]
 [  0   0   0   3   0   1   0   1   0   1   0   0   0   2   0   1   0  89]]
('Model params: 297.554K', 'Model buffers: 0.000K', 'Model size: 1.135MB')

*******************************************

