Model config for current run:
ModelConfig(model_name='Embedder_only', embedding_dimension=128, reduced_embedding_dimension=16, number_of_heads=None, max_length=512, forward_expansion=1, num_layers=1, vocab_size=4096)
LR: 0.005
EPOCHS: 10

*******************************************

average eval loss:  1.0133
Accuracy: 0.758
F1: 0.710
Precision: 0.721
Recall: 0.758
MCC: 0.729
Confusion matrix:
 [[ 37   0   0  20   0   1   0   0   0   0   0   0   0   0   0   0   0   0]
 [  1   0   8   1   6  31   0   0   0   0   0   0   0   0   0   1   0   0]
 [  0   0 107   3   4   2   1   0   0   0   0   2   0   0   0   0   0   0]
 [  0   0   0 289   1   4   3   0   0   0   5  12   0   0   0   3   0   2]
 [  0   0   2   3 252   4   0   0   0   0   0   5   0   0   0   1   2   0]
 [  0   0   2   6   2 533   0   0   1   0   4  27   0   0   0   5   1   0]
 [  0   0   1   6   0   2  47   0   0   0   2   5   0   0   0   0   0   0]
 [  1   0   0   2   1   4   1   0   0   0   0  30   0   1   0   2   1   0]
 [  0   0   0   0   0   3   3   0  44   0   2  16   0   0   0   1   0   0]
 [  0   0   1   1  27   5   0   0   0   0   0  19   0   0   0   1   0   0]
 [  0   0   0   4   0   4   1   0   0   0  90   2   0   0   0   1   1   0]
 [  0   0   0   3   4  33   2   0   1   0   0 212   0   0   0   3   1   0]
 [  0   0   1   0   0  14   3   0   3   0   1  13   1   0   0  44   0   2]
 [  0   0   0  17   1   6   5   0   0   0   4  35   0   1   0   0   1   0]
 [  0   0   0   1   0   7   1   0   0   0   2  30   0   0   0   0   0   1]
 [  0   0   1   4   1   3   0   0   0   0   0   4   0   0   0 175   0   1]
 [  0   0   0   1   4   2   0   0   0   0   0   9   0   0   0   1  88   1]
 [  0   0   1  11   8   2   0   0   0   0   0   0   0   0   0   3   0  73]]
('Model params: 0.135M', 'Model buffers: 0.000M', 'Model size: 0.517MB')

*******************************************

average eval loss:  1.0564
Accuracy: 0.741
F1: 0.692
Precision: 0.699
Recall: 0.741
MCC: 0.710
Confusion matrix:
 [[ 47   0   1   4   0   4   0   0   0   0   1   0   0   0   0   0   0   1]
 [  0   0  14   2   4   9   0   0   0   0   0  19   0   0   0   0   0   0]
 [  0   0 109   0   3   2   0   0   0   0   1   4   0   0   0   0   0   0]
 [  0   0   0 288   1   2   0   0   0   0   8  12   0   0   0   4   1   3]
 [  0   0   3   0 258   2   0   0   0   0   0   4   0   0   0   1   1   0]
 [  1   0   1   7   4 526   0   0   1   0   3  36   0   0   0   0   2   0]
 [  0   0   1   5   0   3  16   0   0   0  32   6   0   0   0   0   0   0]
 [  1   0   0   3  12   3   0   0   0   0   1  21   0   0   0   0   1   1]
 [  0   0   0   1   1   3   0   0  39   0   4  15   0   0   0   6   0   0]
 [  0   0   0   1  33   5   0   0   0   0   0  14   0   0   0   1   0   0]
 [  0   0   0  14   1   4   0   0   0   0  73  10   0   0   0   1   0   0]
 [  0   0   0   4   8  32   0   0   2   0   5 206   0   0   0   1   0   1]
 [  0   0   1   6   0  49   0   0   2   0   0   9   3   0   0  12   0   0]
 [  0   0   0  18   2  13   0   0   0   0   4  32   0   0   0   0   0   1]
 [  1   0   0   2   0   6   0   0   0   0   1  31   0   0   0   0   0   1]
 [  0   0   0   6   1   3   0   0   0   0   0   3   0   0   0 173   0   3]
 [  0   0   0   2   0   0   0   0   0   0   1   6   0   0   0  11  85   1]
 [  0   0   1   4   6   1   0   0   0   0   0   0   0   0   0   2   0  84]]
('Model params: 0.135M', 'Model buffers: 0.000M', 'Model size: 0.517MB')

*******************************************

average eval loss:  1.0604
Accuracy: 0.736
F1: 0.687
Precision: 0.676
Recall: 0.736
MCC: 0.704
Confusion matrix:
 [[ 39   0   2  15   0   0   0   0   0   0   0   1   0   0   0   0   0   1]
 [  0   0  12   0   5  30   0   0   0   0   0   1   0   0   0   0   0   0]
 [  0   0 110   0   4   3   0   0   1   0   0   1   0   0   0   0   0   0]
 [  0   0   0 291   1   2   0   0   0   0   9  11   0   0   0   3   0   2]
 [  0   0   2   0 260   3   0   0   0   0   0   3   0   0   0   1   0   0]
 [  0   0   2   7   7 522   0   0   1   0   4  36   0   0   0   1   1   0]
 [  0   0   1   5   0   3   0   0   0   0  30  22   0   0   0   1   1   0]
 [  0   0   4   4   0  19   0   0   0   0   2   7   0   0   0   2   0   5]
 [  0   0   0   4   1   2   0   0  39   0   3  19   0   0   0   1   0   0]
 [  0   0   0   1  45   5   0   0   0   0   0   2   0   0   0   1   0   0]
 [  1   0   0   8   2   2   0   0   0   0  73  15   0   0   0   2   0   0]
 [  0   0   0   2   5  38   0   0   0   0   9 204   0   0   0   1   0   0]
 [  0   0   1   1   0  12   0   0   2   0   1  37  14   0   0  14   0   0]
 [  0   0   0  13   5   5   0   0   0   0   9  36   0   0   0   0   1   1]
 [  0   0   0   0   0   1   0   0   0   0   2  37   0   0   0   1   0   1]
 [  0   0   0   5   1   3   0   0   0   0   0   2   0   0   0 177   0   1]
 [  0   0   0   3   0   1   0   0   0   0   1  11   0   0   0   1  88   1]
 [  0   0   0   9   9   2   0   0   0   0   0   0   0   0   0   2   0  76]]
('Model params: 0.135M', 'Model buffers: 0.000M', 'Model size: 0.517MB')

*******************************************

average eval loss:  1.0429
Accuracy: 0.753
F1: 0.707
Precision: 0.679
Recall: 0.753
MCC: 0.723
Confusion matrix:
 [[ 49   0   0   6   0   1   0   0   0   0   0   0   0   0   0   0   0   2]
 [  0   0  12   1   5  30   0   0   0   0   0   0   0   0   0   0   0   0]
 [  1   0 109   1   2   2   0   0   0   0   0   3   0   0   0   0   1   0]
 [  0   0   0 287   1   3   0   0   0   0   2  19   0   0   0   3   1   3]
 [  0   0   2   1 259   4   0   0   0   0   1   0   0   0   0   1   1   0]
 [  0   0   2   6   6 531   0   0   3   0   2  28   0   0   0   2   1   0]
 [  0   0   1   8   0   2   0   0   0   0   0  49   0   0   0   0   2   1]
 [  1   0   6   5  12   3   0   0   1   0   0   6   1   0   0   3   4   1]
 [  0   0   0   3   1   2   0   0  40   0   0  19   0   0   0   2   1   1]
 [  0   0   1   1  42   5   0   0   1   0   0   1   0   0   0   2   1   0]
 [  0   0   0   8   1   6   0   0   0   0  64  23   0   0   0   1   0   0]
 [  0   0   0   3   6  36   0   0   2   0   0 201   2   0   0   2   6   1]
 [  0   0   1   0   1   7   0   0   3   0   0   6  55   0   0   9   0   0]
 [  2   0   0  19   9  10   0   0   0   0   0  24   0   0   0   0   4   2]
 [  0   0   0   0   0   9   0   0   0   0   2  30   0   0   0   0   0   1]
 [  0   0   1   2   1   3   0   0   0   0   0   2   0   0   0 179   0   1]
 [  0   0   0   1   0   2   0   0   2   0   0  15   0   0   0   1  84   1]
 [  6   0   1   2   9   1   0   0   0   0   0   0   0   0   0   1   0  78]]
('Model params: 0.135M', 'Model buffers: 0.000M', 'Model size: 0.517MB')

*******************************************

average eval loss:  1.0383
Accuracy: 0.747
F1: 0.696
Precision: 0.666
Recall: 0.747
MCC: 0.715
Confusion matrix:
 [[ 48   0   1   6   0   2   0   0   0   0   0   0   0   0   0   0   1   0]
 [  0   0   7   2  32   7   0   0   0   0   0   0   0   0   0   0   0   0]
 [  0   0 111   1   3   0   1   0   0   0   0   3   0   0   0   0   0   0]
 [  1   0   0 288   3   3   0   0   1   0  10   8   0   0   0   3   0   2]
 [  0   0   2   0 259   4   0   0   1   0   0   1   0   0   0   1   0   1]
 [  0   0   1   8   4 530   0   0   1   0   8  26   0   0   0   1   1   1]
 [  0   0   0   6   0   3  28   0   0   0  17   9   0   0   0   0   0   0]
 [  0   0   1   7   0   2   0   0   9   0   6  18   0   0   0   0   0   0]
 [  0   0   0   0   0   2   0   0  41   0   6  19   0   0   0   1   0   0]
 [  0   0   2   1  43   3   0   0   0   0   0   4   0   0   0   1   0   0]
 [  0   0   0   6   0   5   0   0   0   0  81  10   0   0   0   1   0   0]
 [  0   0   0   2   4  51   0   0   0   0   3 197   0   0   0   1   0   1]
 [  1   0   0   0   0  37   0   0   2   0   1  15   0   0   0  26   0   0]
 [  0   0   0  17   3   7   0   0   0   0  16  27   0   0   0   0   0   0]
 [  0   0   0   2   0  11   0   0   0   0   5  23   0   0   0   0   0   1]
 [  0   0   0   1   1   3   0   0   0   0   3   3   0   0   0 176   1   1]
 [  1   0   0   3   0   2   0   0   1   0   6   2   0   0   0   6  84   1]
 [  0   0   0   8  10   0   0   0   0   0   0   0   0   0   0   3   0  77]]
('Model params: 0.135M', 'Model buffers: 0.000M', 'Model size: 0.517MB')

*******************************************

**************************************************
==================================================
**************************************************
