Model config for current run:
ModelConfig(model_name='Embedder_only', embedding_dimension=192, reduced_embedding_dimension=16, number_of_heads=None, max_length=512, forward_expansion=1, num_layers=1, vocab_size=10437)
LR: 0.005
EPOCHS: 20

*******************************************

average eval loss:  0.4897
Accuracy: 0.867
F1: 0.870
Precision: 0.879
Recall: 0.867
MCC: 0.854
Confusion matrix:
 [[ 53   0   0   1   0   0   0   0   0   0   0   0   0   0   0   0   1   0]
 [  1  42   0   0   1   1   0   0   0   0   0   0   0   0   0   0   0   0]
 [  1   1 133   1   0   0   0   0   0   1   0   1   0   0   0   0   0   1]
 [  3   0   1 267   0   3   2   1   4   0   2   3   0   1   1   0   0   6]
 [  1   4   2   0 223   0   0   0   2  28   0   1   0   0   0   0   1   1]
 [  1   6   1   9   3 494   1   1   9   3   3  32   3   2   6   1   5   2]
 [  2   0   0   1   0   1  67   0   1   0   2   2   0   0   0   1   0   0]
 [  0   0   0   1   0   1   0  34   1   0   0   0   1   1   1   0   0   0]
 [  0   0   1   0   0   3   0   1  80   0   0   4   1   0   0   0   1   0]
 [  0   0   0   1   2   0   0   0   2  60   0   0   0   0   0   1   1   0]
 [  0   1   1   4   0   1   0   0   4   1  94   2   0   0   0   1   0   0]
 [  1   2   2   2   0   6   1   0   7   4   0 190   1   6   1   1   4   2]
 [  0   1   0   2   1   1   0   0   1   1   0   3  82   0   1   1   0   0]
 [  0   0   0   8   1   0   1   1   4   1   0   6   0  40   1   0   2   0]
 [  0   0   0   0   0   1   1   0   0   1   1   4   0   0  26   0   0   2]
 [  0   0   0   5   0   2   0   0   4   0   0   1   0   0   0 164   1   0]
 [  1   1   1   0   0   0   0   0   1   0   0   1   1   5   1   0  82   0]
 [  1   1   0   4   1   1   0   0   3   1   0   1   0   0   2   0   0  99]]
('Model params: 0.185M', 'Model buffers: 0.000M', 'Model size: 0.705MB')

*******************************************

average eval loss:  0.4469
Accuracy: 0.878
F1: 0.880
Precision: 0.884
Recall: 0.878
MCC: 0.865
Confusion matrix:
 [[ 52   0   1   1   0   1   0   0   0   0   0   0   0   0   0   0   0   0]
 [  0  41   0   1   1   1   0   0   0   0   0   0   1   0   0   0   0   0]
 [  1   0 133   0   2   0   0   0   0   0   0   2   0   0   0   0   0   1]
 [  2   0   0 264   0   4   3   0   2   0   2   1   0   6   1   0   0   9]
 [  0   2   3   2 236   2   0   1   1  14   0   0   0   0   0   0   0   2]
 [  1   2   3  10   2 512   1   0   3   3   3  23   2   7   3   2   4   1]
 [  1   0   0   2   0   0  73   0   0   0   0   0   0   0   0   1   0   0]
 [  0   0   0   0   0   0   0  36   0   0   0   0   1   2   1   0   0   0]
 [  1   1   0   1   1   3   0   0  78   0   0   0   2   2   0   0   0   2]
 [  0   0   0   2   5   0   0   0   0  57   0   2   0   0   1   0   0   0]
 [  0   1   1   5   0   2   1   0   1   0  93   2   0   2   0   0   1   0]
 [  0   1   2   3   1   9   4   0   4   2   1 179   0  13   4   2   4   1]
 [  0   0   1   0   1   1   0   0   0   0   0   2  87   1   1   0   0   0]
 [  0   0   0   3   0   0   0   1   0   2   0   4   0  51   0   0   2   2]
 [  0   0   0   1   0   2   0   0   0   0   1   4   0   0  27   0   0   1]
 [  0   0   0   4   1   3   0   0   3   0   1   1   1   1   0 161   1   0]
 [  0   1   1   2   0   1   0   0   1   0   0   0   0   5   0   0  83   0]
 [  0   1   0   6   0   3   0   0   2   0   1   2   2   1   0   0   0  96]]
('Model params: 0.185M', 'Model buffers: 0.000M', 'Model size: 0.705MB')

*******************************************

average eval loss:  0.4605
Accuracy: 0.874
F1: 0.876
Precision: 0.879
Recall: 0.874
MCC: 0.861
Confusion matrix:
 [[ 53   0   0   1   0   0   0   0   0   0   0   1   0   0   0   0   0   0]
 [  1  42   0   1   0   0   0   0   0   1   0   0   0   0   0   0   0   0]
 [  1   0 133   0   0   2   0   0   0   0   0   1   1   0   0   0   1   0]
 [  1   0   1 257   0   6   5   0   1   1   1   2   0   6   2   3   0   8]
 [  0   3   3   0 232   0   0   0   1  18   0   0   1   0   0   2   1   2]
 [  2   2   2   8   2 511   1   1   4   3   4  22   2   5   6   2   3   2]
 [  2   0   0   0   0   1  70   1   0   0   0   1   0   0   0   1   1   0]
 [  0   0   0   0   0   1   0  36   0   0   0   0   1   1   1   0   0   0]
 [  0   1   0   0   0   2   0   0  77   1   1   5   3   0   0   0   1   0]
 [  0   0   0   1   3   0   0   1   0  59   0   1   0   0   2   0   0   0]
 [  0   0   1   3   0   3   2   0   2   0  95   1   1   0   0   0   1   0]
 [  0   1   2   3   0   9   4   1   3   2   2 182   2   6   1   2   7   3]
 [  0   0   1   1   1   1   0   0   2   0   0   3  83   0   1   1   0   0]
 [  0   0   0   4   0   0   1   1   0   0   0   6   1  47   0   0   3   2]
 [  0   0   0   1   0   2   1   0   0   0   1   4   0   0  26   0   0   1]
 [  0   0   0   2   0   4   0   0   3   0   0   2   2   0   0 163   1   0]
 [  0   0   1   0   1   2   1   0   0   0   0   0   0   4   1   0  84   0]
 [  0   1   0   2   0   3   0   1   2   0   1   1   2   1   1   0   0  99]]
('Model params: 0.185M', 'Model buffers: 0.000M', 'Model size: 0.705MB')

*******************************************

average eval loss:  0.4754
Accuracy: 0.880
F1: 0.882
Precision: 0.886
Recall: 0.880
MCC: 0.867
Confusion matrix:
 [[ 52   0   1   1   0   1   0   0   0   0   0   0   0   0   0   0   0   0]
 [  1  41   0   0   1   2   0   0   0   0   0   0   0   0   0   0   0   0]
 [  1   0 134   0   1   0   0   0   0   0   0   2   0   0   0   1   0   0]
 [  1   0   0 266   0   4   3   0   1   1   1   1   0   7   1   1   0   7]
 [  0   2   4   1 235   3   0   1   1  14   0   1   0   0   0   0   0   1]
 [  1   3   2  10   3 511   1   2   4   2   3  23   1   6   4   1   4   1]
 [  1   0   0   1   1   0  70   1   0   0   0   2   0   0   0   1   0   0]
 [  0   0   0   0   0   1   0  37   0   0   0   0   1   1   0   0   0   0]
 [  0   1   0   1   0   1   0   0  78   0   0   3   2   3   0   0   1   1]
 [  0   0   0   2   4   1   1   0   0  55   1   0   0   1   1   0   0   1]
 [  0   1   1   2   0   2   2   0   2   0  94   1   0   2   0   1   1   0]
 [  1   0   2   2   4  10   2   2   1   3   1 181   2  11   1   1   5   1]
 [  0   0   1   0   1   1   0   0   2   0   0   2  84   1   1   0   0   1]
 [  0   0   0   3   0   0   1   1   0   0   0   5   0  53   0   0   2   0]
 [  0   0   0   1   0   1   1   0   0   0   1   4   0   0  27   0   0   1]
 [  0   0   0   3   0   2   0   0   2   1   0   4   1   1   0 162   1   0]
 [  0   1   1   2   0   0   0   0   0   0   0   1   0   5   0   0  84   0]
 [  0   1   0   4   1   2   0   1   1   0   1   2   1   0   0   0   0 100]]
('Model params: 0.185M', 'Model buffers: 0.000M', 'Model size: 0.705MB')

*******************************************

average eval loss:  0.4815
Accuracy: 0.873
F1: 0.875
Precision: 0.882
Recall: 0.873
MCC: 0.860
Confusion matrix:
 [[ 52   0   0   1   1   0   0   0   0   0   0   1   0   0   0   0   0   0]
 [  0  43   0   1   1   0   0   0   0   0   0   0   0   0   0   0   0   0]
 [  0   0 135   0   1   0   0   0   0   1   1   1   0   0   0   0   0   0]
 [  3   0   0 260   1   4   2   0   4   2   2   2   0   3   1   0   0  10]
 [  0   4   2   1 235   0   0   0   1  17   0   0   1   0   1   0   0   1]
 [  2   4   1   9   1 501   0   1   9   6   4  29   2   2   6   1   3   1]
 [  2   0   0   2   1   1  68   0   1   0   1   0   0   0   0   1   0   0]
 [  0   0   0   1   0   1   0  35   0   0   1   0   1   1   0   0   0   0]
 [  0   1   0   1   0   1   0   0  81   1   0   3   2   0   0   0   0   1]
 [  0   0   0   2   5   1   0   0   0  57   0   0   1   0   0   0   0   1]
 [  0   1   1   4   0   1   0   0   3   0  94   2   1   1   0   0   1   0]
 [  0   2   0   5   1   5   1   1  10   7   0 184   2   4   0   2   5   1]
 [  0   1   1   0   2   0   0   0   2   0   0   3  83   0   1   0   1   0]
 [  0   0   0   4   0   1   0   1   2   0   0   5   1  44   0   0   4   3]
 [  0   0   0   2   0   1   0   0   0   0   1   3   0   0  28   0   0   1]
 [  0   1   0   3   2   2   0   0   4   0   1   2   1   0   0 160   1   0]
 [  0   1   2   2   0   0   0   0   0   1   0   1   1   1   0   0  85   0]
 [  0   1   0   2   0   2   0   1   1   1   1   3   0   0   1   0   0 101]]
('Model params: 0.185M', 'Model buffers: 0.000M', 'Model size: 0.705MB')

*******************************************

