Model config for current run:
ModelConfig(model_name='Mamba', embedding_dimension=48, reduced_embedding_dimension=16, number_of_heads=None, max_length=256, forward_expansion=2, d_state=4, num_layers=4, vocab_size=8192, learning_rate=0.002, pretraining_lr=None)
EPOCHS: 30

*******************************************

average eval loss:  0.6924
Accuracy: 0.839
F1: 0.843
Precision: 0.853
Recall: 0.839
MCC: 0.821
Confusion matrix:
 [[ 57   0   0   0   0   0   0   1   1   0   0   0   0   0   0   0   0   0]
 [  0  33   2   0   2   1   0   1   0   3   0   0   0   0   0   0   0   0]
 [  2   3 116   0   0   2   1   2   0   2   2   1   0   1   0   0   0   1]
 [  1   0   1 278   0   1   6   3   3   1   2   4   1   9   2   2   2   2]
 [  0   6   5   0 244   1   1   4   1  12   1   2   0   0   2   0   1   2]
 [  1   2   3   9   5 524   4   6   0   3   7  21   3  11  12   3   1   4]
 [  0   0   0   1   0   0  57   0   0   0   0   4   0   0   1   2   0   0]
 [  0   1   0   0   0   0   0  34   0   0   0   0   0   4   1   0   0   0]
 [  1   1   1   2   1   0   1   2  69   0   1   8   1   3   1   2   0   0]
 [  0   0   1   3   7   1   0   2   0  39   0   3   3   0   1   0   0   2]
 [  0   0   0   1   0   1   4   1   0   0  76   4   0   0   0   1   0   0]
 [  0   2   3   2   1   4   2   1   5   4   0 178   3   5   6   6   5   2]
 [  0   0   0   1   1   2   0   0   1   1   0   3  62   2   1   1   0   1]
 [  0   1   0   8   2   2   2   0   2   1   0   3   0  41   1   0   1   1]
 [  0   0   0   0   0   1   0   1   0   0   0   2   0   1  30   0   1   0]
 [  0   0   1   5   1   4   0   3   1   2   1   1   3   0   0 135   0   2]
 [  0   0   0   0   0   0   2   2   0   1   0   0   0   1   1   0  86   1]
 [  0   0   0   1   0   1   0   1   1   3   0   3   0   2   1   0   0  98]]
('Model params: 202.818K', 'Model buffers: 0.000K', 'Model size: 0.774MB')

*******************************************

average eval loss:  0.6708
Accuracy: 0.849
F1: 0.852
Precision: 0.859
Recall: 0.849
MCC: 0.832
Confusion matrix:
 [[ 57   0   0   1   0   0   1   0   0   0   0   0   0   0   0   0   0   0]
 [  0  32   0   0   4   0   0   0   2   1   0   0   0   0   1   0   1   1]
 [  1   3 123   0   2   1   0   0   0   0   1   1   0   0   0   1   0   0]
 [  1   0   1 265   1   6   6   2   4   3   1   5   3   7   2   3   1   7]
 [  1   1   4   0 252   1   0   1   1   7   2   3   2   1   0   3   2   1]
 [  1   1   5   5   7 531   3   1   4   1   6  21   0  11  15   1   2   4]
 [  0   0   0   1   0   0  58   0   0   0   0   4   0   0   0   1   1   0]
 [  0   0   0   1   0   0   0  33   0   0   0   1   1   3   1   0   0   0]
 [  0   0   0   2   2   2   0   1  74   0   0   4   5   1   1   1   0   1]
 [  0   0   2   0   8   2   1   0   1  42   1   3   0   1   1   0   0   0]
 [  0   0   1   0   0   2   1   0   0   0  78   2   1   0   2   1   0   0]
 [  1   1   0   3   2   6   2   1  10   0   2 175   4   8   8   2   4   0]
 [  0   1   0   2   1   0   0   0   3   0   0   1  65   1   0   1   0   1]
 [  0   0   1   4   0   0   1   2   3   0   0   4   0  48   2   0   0   0]
 [  0   0   1   0   0   2   0   2   1   0   0   2   0   0  28   0   0   0]
 [  0   0   0   3   2   2   0   0   0   0   1   2   0   0   0 146   0   3]
 [  0   0   1   1   1   0   2   2   0   0   2   3   0   0   0   1  80   1]
 [  0   0   0   3   1   0   0   0   4   3   0   0   0   3   1   0   0  96]]
('Model params: 202.818K', 'Model buffers: 0.000K', 'Model size: 0.774MB')

*******************************************

average eval loss:  0.6595
Accuracy: 0.834
F1: 0.839
Precision: 0.850
Recall: 0.834
MCC: 0.817
Confusion matrix:
 [[ 56   0   1   0   0   1   0   0   0   0   0   0   0   1   0   0   0   0]
 [  0  32   6   0   3   0   0   0   0   1   0   0   0   0   0   0   0   0]
 [  1   3 120   0   0   1   1   0   2   0   0   0   1   0   1   1   1   1]
 [  1   0   0 267   1   5   4   0   6   0   1   8   3   8   5   2   2   5]
 [  0   2   4   2 251   1   1   1   3  10   1   2   0   0   0   0   3   1]
 [  0   3   2   3   8 511   4   3   9   6   3  22   7  14   9   2  12   1]
 [  0   0   0   2   1   0  55   0   0   0   0   4   0   0   0   1   1   1]
 [  0   0   0   2   1   0   0  29   0   0   0   0   0   3   1   0   4   0]
 [  0   1   0   2   2   3   1   0  75   1   0   3   0   2   0   1   2   1]
 [  0   2   0   2   8   2   0   0   1  41   1   0   0   0   1   1   1   2]
 [  0   0   0   1   0   0   0   1   1   0  76   2   0   2   1   1   3   0]
 [  0   1   1   1   3   3   2   1   9   1   4 174   2   9   6   2   9   1]
 [  0   1   0   1   1   1   0   0   4   0   0   0  60   2   0   4   0   2]
 [  0   0   0   5   2   0   0   1   3   0   0   0   1  51   0   0   2   0]
 [  0   0   0   0   0   1   0   1   2   0   1   2   0   2  26   1   0   0]
 [  0   1   0   3   1   0   1   1   3   1   0   0   1   2   0 143   1   1]
 [  1   1   1   0   0   0   4   1   0   0   0   0   0   1   2   0  82   1]
 [  0   0   0   2   2   0   0   1   0   1   0   3   1   3   0   0   1  97]]
('Model params: 202.818K', 'Model buffers: 0.000K', 'Model size: 0.774MB')

*******************************************

average eval loss:  0.6497
Accuracy: 0.855
F1: 0.858
Precision: 0.862
Recall: 0.855
MCC: 0.839
Confusion matrix:
 [[ 55   0   0   1   0   0   0   0   0   0   0   3   0   0   0   0   0   0]
 [  0  30   2   0   3   3   0   0   0   1   0   2   0   0   0   1   0   0]
 [  1   1 123   1   0   1   0   0   0   1   0   1   0   1   2   1   0   0]
 [  1   1   0 276   0   4   5   2   2   4   1   5   1   4   1   6   1   4]
 [  0   4   3   0 245   2   0   0   1  13   2   4   2   2   0   0   2   2]
 [  1   1   1   7   7 539   3   2   1   3   4  25   5  10   5   2   3   0]
 [  0   0   1   2   0   0  56   0   0   1   0   4   0   0   0   1   0   0]
 [  0   0   0   0   1   0   0  33   0   0   0   0   0   5   0   0   1   0]
 [  0   0   0   1   2   4   0   1  68   1   0  11   3   0   0   2   1   0]
 [  0   0   1   2   6   0   0   1   1  43   1   4   0   1   1   1   0   0]
 [  0   0   0   4   0   1   0   0   1   0  76   2   0   2   0   1   1   0]
 [  0   2   0   5   4   5   0   0   4   5   2 181   4   8   4   1   3   1]
 [  0   0   0   1   0   1   0   0   2   0   0   2  67   0   0   1   1   1]
 [  1   0   0   1   3   3   0   3   3   0   0   2   0  48   0   0   1   0]
 [  0   0   0   0   1   2   0   0   0   0   0   0   0   1  30   0   1   1]
 [  2   0   1   3   2   0   0   0   1   1   1   0   0   0   0 145   3   0]
 [  0   0   1   0   0   2   1   1   0   0   0   1   0   0   0   0  87   1]
 [  0   0   1   3   1   2   0   0   0   1   1   0   0   3   1   0   0  98]]
('Model params: 202.818K', 'Model buffers: 0.000K', 'Model size: 0.774MB')

*******************************************

**************************************************
==================================================
**************************************************
