Model config for current run:
ModelConfig(model_name='Brav', embedding_dimension=32, reduced_embedding_dimension=16, number_of_heads=None, max_length=512, forward_expansion=8, num_layers=1, vocab_size=4096)
LR: 0.01
EPOCHS: 10

*******************************************

average eval loss:  1.7928
Accuracy: 0.477
F1: 0.379
Precision: 0.331
Recall: 0.477
MCC: 0.414
Confusion matrix:
 [[  0   0   0  51   0   6   0   0   0   0   1   1   0   0   0   0   0   0]
 [  0   0   0  27   6  11   0   0   0   0   0   1   0   0   0   0   0   0]
 [  0   0   0 113   6  16   0   0   0   0   2   2   0   0   0   0   0   0]
 [  0   0   0 228  14  24   0   0   0   0   4  17   0   0   0   0   0   0]
 [  0   0   0  15 220   4   0   0   0   0   2  28   0   0   0   0   0   0]
 [  0   0   0  27   9 569   0   0   0   0   5  24   0   0   0   0   0   0]
 [  0   0   0  43   0   5   0   0   0   0  23  10   0   0   0   0   0   0]
 [  0   0   0  18   3   4   0   0   0   0   3  15   0   0   0   0   0   0]
 [  0   0   0  38   0   8   0   0   0   0   7  36   0   0   0   0   0   0]
 [  0   0   0   3  24   5   0   0   0   0   0  14   0   0   0   0   0   0]
 [  0   0   0  32   4  12   0   0   0   0  44   5   0   0   0   0   0   0]
 [  0   0   0  19   9  16   0   0   0   0   2 166   0   0   0   0   0   0]
 [  0   0   0  43   3   8   0   0   0   0   0   7   0   0   0   0   0   0]
 [  0   0   0  39   2  12   0   0   0   0   2  23   0   0   0   0   0   0]
 [  0   0   0   8   3  10   0   0   0   0   4  15   0   0   0   0   0   0]
 [  0   0   0 134  11  31   0   0   0   0   2  12   0   0   0   0   0   0]
 [  0   0   0   6   4   4   0   0   0   0   2  92   0   0   0   0   0   0]
 [  0   0   0  76   8   2   0   0   0   0   1   7   0   0   0   0   0   0]]
('Model params: 0.166M', 'Model buffers: 0.000M', 'Model size: 0.632MB')

*******************************************

average eval loss:  1.2887
Accuracy: 0.642
F1: 0.586
Precision: 0.556
Recall: 0.642
MCC: 0.593
Confusion matrix:
 [[  0   0   0  54   1   0   0   0   0   0   0   0   0   1   0   0   1   2]
 [  0   0   9   2  28   5   0   0   0   1   0   0   0   0   0   0   0   0]
 [  0   0  71   5   9   4   0   0   3   1   0   1   0   0   0   4  40   1]
 [  0   0   1 253   5   5   0   0   0   1   0   0   0   3   0   3   4  12]
 [  0   0   4  13 226   8   0   0   1   3   0   3   0   0   0   2   2   7]
 [  0   0   0   4   4 591   0   0   3   5   1  18   0   0   0   1   2   5]
 [  0   0   2   1   0   2   0   0   0   0   8   4   0   4   0  54   6   0]
 [  0   0   0   0   0   3   0   0   0   2   5  28   0   1   0   2   1   1]
 [  0   0   4   1   2   8   0   0  47   0   1  11   0   1   0  11   1   2]
 [  0   0   2   0  30   5   0   0   0   0   0   1   0   0   0   0   0   8]
 [  0   0   1   0   1   3   0   0   0   0  51  23   0   1   0  15   2   0]
 [  0   0   1   2   3  44   0   0   0   1   5 145   1   3   0   4   3   0]
 [  0   0   3  23   9   5   0   0   1   0   0   0   1   1   0   0  17   1]
 [  0   0   7  15   4  20   0   0   0   7   0   7   0   1   0   5   2  10]
 [  0   0   1   0   0   6   0   0   0   0   1  31   0   0   0   1   0   0]
 [  0   0   1  11   0   6   0   0   5   0   8  10   0   0   0 133  12   4]
 [  0   0   0  30   1   6   0   0   0   5   1   5   1   2   0   5  52   0]
 [  0   0   1   2   1   7   0   0   0   1   0   0   0   1   0   0   2  79]]
('Model params: 0.166M', 'Model buffers: 0.000M', 'Model size: 0.632MB')

*******************************************

average eval loss:  1.3092
Accuracy: 0.634
F1: 0.573
Precision: 0.539
Recall: 0.634
MCC: 0.590
Confusion matrix:
 [[  0   0   1  23   0   5   0   0   0   0   0   0   0   0   0   4   0  26]
 [  0   0  23   1   9   5   0   0   0   0   0   1   0   0   0   0   0   6]
 [  0   0 126   2   4   3   0   0   0   0   0   2   0   0   0   0   0   2]
 [  0   0   0 250   3   3   0   0   0   0   4   3   0   0   0   7   0  17]
 [  0   0   2   0 232   6   0   0   0   0   3  12   0   0   0   6   0   8]
 [  0   0   1   2   7 574   0   0   0   0   8  23   0   0   0   3   0  16]
 [  0   0   2   4   1  15   0   0   0   0  20   2   0   0   0   2   0  35]
 [  0   0   0   0   3   6   0   0   0   0   3   3   0   0   0   0   0  28]
 [  0   0   1   2   4  12   0   0   0   0  12   9   0   0   0   4   0  45]
 [  0   0   0   0  24   3   0   0   0   0   0   6   2   0   0  10   0   1]
 [  0   0   1   3   4  11   0   0   0   0  60   4   0   0   0   0   0  14]
 [  0   0   3   3  13  19   0   0   0   0   1 157   0   0   0   3   0  13]
 [  0   0   0   0   7   6   0   0   0   0   3  25  13   0   0   6   0   1]
 [  0   0   1  21   6  10   0   0   0   0   2  11   0   0   0   0   0  27]
 [  0   0   4   1   2   5   0   0   0   0   9   5   0   0   0   0   0  14]
 [  0   0   0   5   0   6   0   0   0   0   1   7   1   0   0 166   0   4]
 [  0   0   2   3   6  13   0   0   0   0  26   6   0   0   0   2   0  50]
 [  0   0   1  12   5   8   0   0   0   0   6   4   0   0   0   5   0  53]]
('Model params: 0.166M', 'Model buffers: 0.000M', 'Model size: 0.632MB')

*******************************************

average eval loss:  1.3560
Accuracy: 0.629
F1: 0.593
Precision: 0.579
Recall: 0.629
MCC: 0.587
Confusion matrix:
 [[  0   0   0   4  11   1   0   0   0   0   0   0   0   2   0  40   0   1]
 [  0   0   1   2   0   0   1   0   0   0   0   1   0   2   0   0  31   7]
 [  0   0 104   1   1   2   1   0   0   0   1   1   0   2   0   0  14  12]
 [  0   0   2 252   2   2   1   0   0   0   0   3   0   9   0   7   4   5]
 [  0   0   1  20 214   3   2   0   0   0   0   1   0   4   0   0   7  17]
 [  0   0   0  12   0 560   2   0   0   0  15  24   0   5   0   1   6   9]
 [  0   0   0   1   0   0  16   0   0   0  24   3   0  29   0   0   8   0]
 [  0   0   0   2   0   0   4   0   0   0   3   0   0   4   0   0  29   1]
 [  0   0   0   3   1   4   1   0   0   0  19  56   0   2   0   0   2   1]
 [  0   0   1  12   4   2   0   0   0   0   0   1   0   2   0   1   3  20]
 [  0   0   0   0   0   0   0   0   0   0  81  10   0   3   0   0   3   0]
 [  0   0   1   6   1  11   3   0   0   0  21 146   0  11   0   0   8   4]
 [  0   0   5   5   0   0   3   0   0   0   9   3   0   4   0   0  30   2]
 [  0   0   1   5   1   3  12   0   0   0   9  10   0  14   0   0  22   1]
 [  0   0   0   3   0   0   3   0   0   0  28   5   0   0   0   0   1   0]
 [  0   0   0  20  52   0   1   0   0   0   1   6   0   0   0 107   1   2]
 [  0   0   3   4   0   0   3   0   0   0  10   6   0   6   0   0  75   1]
 [  0   0   4  17   3   6   1   0   0   0   1   1   0   3   0   0   8  50]]
('Model params: 0.166M', 'Model buffers: 0.000M', 'Model size: 0.632MB')

*******************************************

average eval loss:  1.4645
Accuracy: 0.574
F1: 0.500
Precision: 0.459
Recall: 0.574
MCC: 0.521
Confusion matrix:
 [[  0   0   1   5  52   0   0   0   0   0   0   0   0   0   0   0   0   1]
 [  0   0   2   2  31   4   0   0   0   0   0   1   0   0   0   3   0   2]
 [  0   0 126   0   7   2   0   0   0   0   0   3   0   0   0   0   0   1]
 [  0   0   0 246   3   5   0   0   0   0   1  17   0   0   0   7   0   8]
 [  0   0  18   3 227   2   0   0   0   0   0   3   0   0   0   3   0  13]
 [  0   0   4  11   2 559   0   0   0   0   2  36   0   0   0   2   0  18]
 [  0   0   0  66   5   5   0   0   0   0   1   4   0   0   0   0   0   0]
 [  0   0   0  10   2   2   0   0   0   0   0  13   0   0   0   2   0  14]
 [  0   0   0  18   0   4   0   0   0   0   2  14   0   0   0   5   0  46]
 [  0   0   4   1  30   4   0   0   0   0   0   1   0   0   0   3   0   3]
 [  0   0   2  35   2   6   0   0   0   0   1  11   0   0   0   1   0  39]
 [  0   0   3  19   4  17   0   0   0   0   0 153   0   0   0   2   0  14]
 [  0   0   0   8   0   7   0   0   0   0   0  27   0   0   0  12   0   7]
 [  0   0   1  25   3   7   0   0   0   0   1  16   0   0   0   2   0  23]
 [  0   0   0   4   1   8   0   0   0   0   0  24   0   0   0   0   0   3]
 [  0   0   1   2   1  17   0   0   0   0   0   7   0   0   0 159   0   3]
 [  0   0   1  77   1   2   0   0   0   0   0  15   0   0   0   3   0   9]
 [  0   0   1  67   6   1   0   0   0   0   1   9   0   0   0   4   0   5]]
('Model params: 0.166M', 'Model buffers: 0.000M', 'Model size: 0.632MB')

*******************************************

