Model config for current run:
ModelConfig(model_name='Embedder_+_conv', embedding_dimension=128, reduced_embedding_dimension=16, number_of_heads=None, max_length=512, forward_expansion=1, num_layers=1, vocab_size=4096)
LR: 0.005
EPOCHS: 20

*******************************************

average eval loss:  0.4072
Accuracy: 0.880
F1: 0.882
Precision: 0.886
Recall: 0.880
MCC: 0.867
Confusion matrix:
 [[ 59   0   0   2   0   0   0   0   0   0   0   1   0   0   0   0   0   0]
 [  0  35   0   0   1   0   0   0   1   0   0   0   1   1   0   0   0   0]
 [  0   3 130   1   1   2   0   0   1   1   0   0   0   0   1   0   0   0]
 [  1   2   1 262   1   2   6   0   1   3   0   0   1   6   0   0   2   6]
 [  0   3   4   0 231   2   1   0   1   9   1   2   0   1   0   0   1   3]
 [  1   1   1   3   3 544   3   1  11   7   2  25   3   5   5   1   7   2]
 [  0   0   0   0   0   0  69   1   0   0   0   0   0   0   0   0   0   0]
 [  0   0   0   0   0   0   1  39   1   0   0   0   0   0   0   0   1   0]
 [  0   0   1   1   0   2   1   0  69   0   0   2   1   4   0   0   0   0]
 [  0   0   1   1  12   2   0   0   0  38   1   1   0   1   0   0   0   0]
 [  1   0   0   1   0   2   1   0   0   0  94   1   0   0   0   0   0   1]
 [  0   0   0   3   2  11   5   0   3   2   3 185   4   8   2   1   2   0]
 [  0   0   0   0   0   3   0   1   0   0   0   4  77   0   0   0   0   0]
 [  0   0   0   3   0   2   0   3   2   1   0   1   0  57   1   0   2   0]
 [  0   0   0   1   0   2   0   0   0   0   0   0   0   1  33   0   0   0]
 [  0   0   1   2   1   1   0   0   0   1   1   0   5   1   0 152   0   0]
 [  0   0   0   0   0   1   1   0   1   0   2   2   0   1   0   0  99   0]
 [  0   0   0   4   2   1   0   1   1   0   1   1   1   1   0   0   1  91]]
('Model params: 0.138M', 'Model buffers: 0.000M', 'Model size: 0.525MB')

*******************************************

average eval loss:  0.3967
Accuracy: 0.885
F1: 0.887
Precision: 0.892
Recall: 0.885
MCC: 0.872
Confusion matrix:
 [[ 60   0   0   1   0   1   0   0   0   0   0   0   0   0   0   0   0   0]
 [  0  37   0   1   0   0   0   0   0   0   0   1   0   0   0   0   0   0]
 [  0   4 130   0   0   2   0   0   1   0   0   2   0   0   0   0   0   1]
 [  1   3   0 267   1   1   5   0   2   1   0   2   0   6   0   1   0   4]
 [  0   6   4   0 228   2   2   0   0  12   1   2   0   1   0   0   1   0]
 [  2   2   3   2   1 548   3   2   7   3   2  30   1   5   5   2   5   2]
 [  0   0   0   0   0   1  67   0   0   0   1   0   0   0   0   0   1   0]
 [  0   0   0   0   0   0   0  40   0   0   0   1   0   1   0   0   0   0]
 [  0   0   1   0   0   0   0   0  68   0   1   6   1   3   0   0   1   0]
 [  0   0   0   1   6   2   0   0   1  46   0   0   0   1   0   0   0   0]
 [  0   1   0   1   0   3   1   0   0   0  93   1   0   0   1   0   0   0]
 [  0   0   0   3   0   8   2   1   3   4   4 188   3   8   2   2   3   0]
 [  0   0   0   0   0   3   0   0   3   1   0   3  75   0   0   0   0   0]
 [  0   0   0   3   0   2   0   5   0   0   0   2   0  59   0   0   1   0]
 [  0   0   0   0   0   3   0   0   0   0   0   1   0   0  33   0   0   0]
 [  0   0   0   2   1   2   0   0   0   0   0   3   2   3   1 151   0   0]
 [  0   0   0   1   0   2   2   0   1   0   0   2   0   2   0   0  97   0]
 [  0   0   0   4   1   2   0   2   1   2   0   1   0   1   1   0   1  89]]
('Model params: 0.138M', 'Model buffers: 0.000M', 'Model size: 0.525MB')

*******************************************

average eval loss:  0.4051
Accuracy: 0.888
F1: 0.889
Precision: 0.893
Recall: 0.888
MCC: 0.875
Confusion matrix:
 [[ 57   0   0   2   0   1   1   0   0   0   0   0   0   0   0   0   0   1]
 [  0  37   0   1   0   0   0   0   0   0   0   1   0   0   0   0   0   0]
 [  0   3 130   0   1   1   0   0   2   0   0   1   0   0   0   1   1   0]
 [  1   0   2 268   1   1   6   0   1   1   0   0   0   7   0   1   1   4]
 [  0   5   3   1 230   2   1   0   0   7   2   2   0   2   2   0   1   1]
 [  1   2   0   5   3 552   3   3  10   1   2  26   1   4   5   2   4   1]
 [  0   0   0   0   0   0  68   0   0   0   1   1   0   0   0   0   0   0]
 [  0   0   0   0   0   0   0  40   0   0   0   2   0   0   0   0   0   0]
 [  0   0   0   0   0   1   0   0  68   0   2   4   0   6   0   0   0   0]
 [  0   0   0   0   9   1   1   1   0  42   0   2   0   0   0   1   0   0]
 [  0   0   0   2   0   1   1   0   0   1  94   1   0   0   0   0   1   0]
 [  0   0   0   2   2   7   3   1   5   6   2 186   1  10   3   0   2   1]
 [  0   0   0   0   0   0   0   1   2   0   0   4  76   0   0   1   0   1]
 [  0   0   0   5   1   2   1   2   0   1   0   1   0  58   0   1   0   0]
 [  0   0   0   0   0   1   0   0   0   0   0   1   0   0  35   0   0   0]
 [  0   0   0   3   1   2   0   0   0   0   0   1   3   0   0 155   0   0]
 [  0   0   0   0   0   3   0   0   0   0   0   3   1   2   2   0  96   0]
 [  0   0   0   4   0   3   0   1   0   1   0   4   0   0   0   0   1  91]]
('Model params: 0.138M', 'Model buffers: 0.000M', 'Model size: 0.525MB')

*******************************************

average eval loss:  0.3878
Accuracy: 0.885
F1: 0.886
Precision: 0.890
Recall: 0.885
MCC: 0.873
Confusion matrix:
 [[ 59   0   0   1   0   0   0   0   1   0   1   0   0   0   0   0   0   0]
 [  0  36   0   1   1   0   0   0   0   0   0   0   0   1   0   0   0   0]
 [  0   2 129   0   1   2   0   0   1   0   0   1   1   1   0   1   0   1]
 [  1   0   1 264   1   1   5   0   3   1   1   3   3   5   0   1   0   4]
 [  0   4   5   2 226   0   1   0   2   8   1   7   0   0   0   1   1   1]
 [  1   2   1   9   2 543   0   4  14   5   5  21   2   4   4   3   3   2]
 [  0   0   0   0   0   0  69   0   0   0   1   0   0   0   0   0   0   0]
 [  0   0   0   0   0   0   0  40   0   0   0   1   1   0   0   0   0   0]
 [  0   0   0   0   0   1   0   0  68   0   2   2   1   5   0   0   1   1]
 [  0   1   1   1   9   3   0   0   0  40   0   2   0   0   0   0   0   0]
 [  0   0   2   1   0   1   0   0   0   1  96   0   0   0   0   0   0   0]
 [  0   0   0   0   3   6   1   0   1   2   2 200   4   6   2   1   2   1]
 [  0   0   0   0   1   2   1   0   2   0   0   1  77   0   0   0   1   0]
 [  0   0   1   5   1   1   1   2   4   0   0   3   0  54   0   0   0   0]
 [  0   0   0   0   0   0   0   0   0   0   0   2   1   0  34   0   0   0]
 [  0   0   0   1   3   1   0   0   0   0   0   2   3   0   1 153   0   1]
 [  0   0   1   0   0   2   1   0   2   0   1   1   0   1   0   0  98   0]
 [  0   0   0   4   1   3   0   1   0   2   0   1   0   1   0   0   1  91]]
('Model params: 0.138M', 'Model buffers: 0.000M', 'Model size: 0.525MB')

*******************************************

average eval loss:  0.4178
Accuracy: 0.883
F1: 0.885
Precision: 0.893
Recall: 0.883
MCC: 0.870
Confusion matrix:
 [[ 56   0   0   1   0   2   1   0   0   0   0   1   0   0   0   0   0   1]
 [  0  34   0   1   2   0   0   0   0   0   0   1   0   0   0   1   0   0]
 [  0   2 131   0   1   1   0   0   2   0   0   2   0   0   0   0   1   0]
 [  1   0   0 262   2   1   7   0   2   1   0   2   0   9   0   3   0   4]
 [  0   4   4   0 228   3   1   1   2   9   1   3   0   0   1   0   2   0]
 [  1   2   0   3   1 532   8   2   9   7   3  40   0   3   5   3   3   3]
 [  0   0   0   0   0   0  69   0   0   0   1   0   0   0   0   0   0   0]
 [  0   0   0   0   0   0   0  41   0   0   0   1   0   0   0   0   0   0]
 [  0   0   0   1   0   0   0   0  72   1   2   1   1   2   0   0   1   0]
 [  0   0   0   1   7   0   0   0   0  40   1   1   1   1   1   1   0   3]
 [  0   0   0   2   0   0   0   0   0   0  98   0   0   0   0   0   0   1]
 [  0   0   0   0   0   3   2   1   7   2   2 197   2   8   4   1   1   1]
 [  0   0   0   0   0   3   0   0   1   0   0   3  78   0   0   0   0   0]
 [  0   0   0   4   0   1   0   3   1   1   0   2   0  57   2   0   1   0]
 [  0   0   0   0   0   0   0   0   0   0   1   3   0   1  32   0   0   0]
 [  0   0   0   2   1   1   0   0   0   0   0   2   2   1   0 155   0   1]
 [  0   0   0   0   0   0   1   0   2   0   1   3   0   2   0   0  98   0]
 [  1   0   0   2   1   2   1   1   1   1   1   2   0   1   0   0   0  91]]
('Model params: 0.138M', 'Model buffers: 0.000M', 'Model size: 0.525MB')

*******************************************

**************************************************
==================================================
**************************************************
