MODEL: Gated_BERT
DATASET: nlu
VOCAB_SIZE: 4096
EMBED_DIM: 128
FORWARD_EXPANSION: 2
MAX_LENGTH: 512
LAYERS: 1
REDUCED_EMBEDDING_DIM: 16
LR: 0.01
EPOCHS: 5

average eval loss: 0.5877766211827596
Accuracy: 0.8392233009708738
F1 (weighted): 0.8351459527173641
Precision (weighted): 0.8468707654270566
Recall (weighted): 0.8392233009708738
MCC: 0.820364896428763
Confusion matrix:
 [[ 62   0   2   1   2   0   2   0   0  10   4   3   1   0   0   1   1   0]
 [  1  25   0  11   1   0   1   2   0   2   1   1   0   0   0   0   0   0]
 [  0   1 132   0   0   0   1   0   0   1   0   1   0   1   0   0   3   0]
 [  5   1   1  24   3   0   9   0   0   7   1   4   2   0   1   1   1   0]
 [  3   0   0   0  88   0   0   0   0   3   0   0   0   0   1   2   0   0]
 [  0   0   1   0   0  39   1   0   0   6   0   6   0   1   0   0  19   0]
 [  1   0   0   2   1   1 261   0   0   5   2   1   4   0   2   4   1   1]
 [  5   0   0   0   0   0   0  66   0   2   2   5   0   0   1   0   0   0]
 [  0   0   0   1   0   0   0   4  12  26   0   6   0   0   0   0   2   0]
 [  5   0   3   5   0   1   1   0   0 196   1  14   4   0   0   3   0   0]
 [  1   0   0   3   0   0   1   1   0   2 164   5   0   0   1   0   0   0]
 [  3   1   1   7   1   1   7   1   1  35   1 547   0   0  10   2   7   0]
 [  0   0   0   0   0   0   8   0   0   2   0   2  84   0   0   0   1   0]
 [  0   0   3   0   0   0   1   0   0   0   0   2   0  21   0   0   6   1]
 [  1   0   0   0   1   0   0   0   0   2   1   1   0   0  97   0   1   0]
 [  0   0   0   0   0   0   6   0   0  10   0   0   0   0   0  50   1   0]
 [  2   0   1   1   1   4   0   1   0   2   1   6   1   0   0   0 229   0]
 [  0   0   0   0   0   0   0   0   0   0   0   2   0   0   0   0   0  64]]
('Model params: 0.366M', 'Model buffers: 0.000M', 'Model size: 1.397MB')

*******************************************

MODEL: Gated_BERT
DATASET: nlu
VOCAB_SIZE: 4096
EMBED_DIM: 128
FORWARD_EXPANSION: 2
MAX_LENGTH: 512
LAYERS: 1
REDUCED_EMBEDDING_DIM: 16
LR: 0.01
EPOCHS: 5

average eval loss: 0.6200120477449327
Accuracy: 0.8279611650485437
F1 (weighted): 0.8201712881377196
Precision (weighted): 0.8272658778600452
Recall (weighted): 0.8279611650485437
MCC: 0.8073121502707451
Confusion matrix:
 [[ 59   0   0   0   1   0   4   0   0  12   3   8   1   0   1   0   0   0]
 [  0  37   2   0   2   0   1   1   1   1   0   0   0   0   0   0   0   0]
 [  0   1 130   2   0   0   0   0   0   1   0   2   0   1   0   0   3   0]
 [  1   0   0   8   4   1  16   0   0  10   0   9   3   0   1   4   2   1]
 [  1   0   0   1  86   0   2   0   0   5   0   1   0   0   0   1   0   0]
 [  1   0   2   0   0  38   2   0   1   2   0   5   0   1   0   0  21   0]
 [  1   0   0   7   0   0 260   2   0   2   3   3   3   0   2   3   0   0]
 [  1   0   1   1   0   0   2  60   0   2   6   6   0   0   0   1   1   0]
 [  1   2   2   2   1   0   1   0  12  25   0   3   0   0   1   0   1   0]
 [  2   0   1   4   3   1   2   1   0 196   1  15   2   0   4   1   0   0]
 [  1   0   0   1   0   0   2   2   0   2 161   6   0   0   3   0   0   0]
 [  1   1   3   5   1   2   9   0   1  35   0 547   1   0  11   3   5   0]
 [  0   0   0   0   1   0   4   0   1   2   0   2  86   0   0   0   1   0]
 [  0   0   8   0   0   0   0   0   0   0   0   2   0  16   0   0   7   1]
 [  0   0   0   0   0   0   2   0   0   3   1   4   0   0  93   1   0   0]
 [  0   0   0   3   0   0   4   0   0   3   0   3   0   0   0  54   0   0]
 [  1   0   3   0   1   1   1   1   0   1   2   9   1   0   1   1 226   0]
 [  0   0   0   0   0   0   1   0   0   0   0   2   0   0   0   0   0  63]]
('Model params: 0.366M', 'Model buffers: 0.000M', 'Model size: 1.397MB')

*******************************************

MODEL: Gated_BERT
DATASET: nlu
VOCAB_SIZE: 4096
EMBED_DIM: 128
FORWARD_EXPANSION: 2
MAX_LENGTH: 512
LAYERS: 1
REDUCED_EMBEDDING_DIM: 16
LR: 0.01
EPOCHS: 5

average eval loss: 0.6033076104663667
Accuracy: 0.8411650485436893
F1 (weighted): 0.8375915894890075
Precision (weighted): 0.844395577956783
Recall (weighted): 0.8411650485436893
MCC: 0.8224254768094338
Confusion matrix:
 [[ 59   0   0   1   2   0   3   3   0  12   1   5   1   0   1   0   1   0]
 [  0  37   0   1   1   0   2   1   0   1   0   1   0   0   0   0   1   0]
 [  0   0 128   1   1   0   0   0   0   0   0   5   0   1   1   0   3   0]
 [  2   1   0  18   2   1   9   0   2  11   0   9   3   0   0   1   1   0]
 [  0   0   0   0  89   0   0   0   0   3   1   1   0   0   0   2   1   0]
 [  0   1   1   2   0  38   1   0   0   6   0   4   0   1   0   0  19   0]
 [  0   0   0   1   0   0 261   1   0   5   3   4   3   0   1   5   1   1]
 [  2   0   0   1   2   0   3  59   1   2   3   6   0   0   0   0   2   0]
 [  1   1   0   1   2   0   0   0  25  14   1   4   0   0   2   0   0   0]
 [  6   0   2   1   2   0   1   0   2 200   1  10   2   1   0   4   1   0]
 [  1   1   0   0   1   0   4   3   0   3 160   5   0   0   0   0   0   0]
 [  2   1   1   5   0   1   9   0   1  37   1 546   1   0  10   4   6   0]
 [  0   0   1   1   0   0   3   0   0   3   0   1  86   0   0   0   1   1]
 [  0   0   2   0   0   0   0   0   0   0   0   5   0  19   0   0   7   1]
 [  0   0   1   1   0   0   1   0   0   4   1   0   0   0  94   0   1   1]
 [  0   0   0   2   0   0   3   0   0   2   0   3   0   0   0  57   0   0]
 [  0   0   1   1   2   3   1   3   0   5   0   3   0   0   0   0 228   2]
 [  0   0   0   0   0   0   2   0   0   1   0   1   0   0   0   0   0  62]]
('Model params: 0.366M', 'Model buffers: 0.000M', 'Model size: 1.397MB')

*******************************************

MODEL: Gated_BERT
DATASET: nlu
VOCAB_SIZE: 4096
EMBED_DIM: 128
FORWARD_EXPANSION: 2
MAX_LENGTH: 512
LAYERS: 1
REDUCED_EMBEDDING_DIM: 16
LR: 0.01
EPOCHS: 5

average eval loss: 0.7393616991383689
Accuracy: 0.7945631067961165
F1 (weighted): 0.7852094818860561
Precision (weighted): 0.7959499227563428
Recall (weighted): 0.7945631067961165
MCC: 0.7691308509551517
Confusion matrix:
 [[ 54   0   0   1   2   1   1   2   0  19   1   6   1   0   0   0   1   0]
 [  0  28   0   2   1   0   2   3   0   5   0   3   0   0   0   1   0   0]
 [  1   0 130   0   0   0   0   0   0   1   0   6   0   0   0   0   1   1]
 [  1   0   0   5   3   0  14   0   0  11   0  15   4   0   3   1   3   0]
 [  0   1   0   0  75   0   1   0   0   5   4   7   0   0   2   2   0   0]
 [  1   0   0   1   1  32   0   0   0   5   0   5   0   1   0   0  27   0]
 [  0   0   0   0   1   0 254   3   0   4   2   8   3   0   3   5   1   2]
 [  1   1   0   0   2   1   3  50   0   4   6  11   1   0   0   1   0   0]
 [  4   0   1   0   0   0   0   0  20  12   0  13   0   0   0   0   1   0]
 [  8   2   4   1   3   0   2   1   0 176   1  27   2   0   2   4   0   0]
 [  0   0   0   0   2   0   3   1   0   4 158   6   3   0   0   0   1   0]
 [  5   2   2   2   2   1  14   1   0  39   0 534   1   0  12   2   7   1]
 [  0   0   1   0   0   0   6   0   0   1   0   7  81   0   1   0   0   0]
 [  0   0   7   0   0   0   0   0   0   0   0   2   0  18   0   0   6   1]
 [  0   0   0   0   1   0   0   0   0   7   1   4   0   0  89   1   1   0]
 [  0   1   0   0   0   0   3   1   0   6   0   2   0   0   0  54   0   0]
 [  0   0   2   0   0   4   0   0   0   4   3  11   0   0   0   1 224   0]
 [  0   0   0   0   0   0   0   0   0   0   0   2   0   0   0   0   0  64]]
('Model params: 0.366M', 'Model buffers: 0.000M', 'Model size: 1.397MB')

*******************************************

MODEL: Gated_BERT
DATASET: nlu
VOCAB_SIZE: 4096
EMBED_DIM: 128
FORWARD_EXPANSION: 2
MAX_LENGTH: 512
LAYERS: 1
REDUCED_EMBEDDING_DIM: 16
LR: 0.01
EPOCHS: 5

average eval loss: 0.5945246858256203
Accuracy: 0.8376699029126213
F1 (weighted): 0.8304646594194237
Precision (weighted): 0.8400240570365992
Recall (weighted): 0.8376699029126213
MCC: 0.8184954357341826
Confusion matrix:
 [[ 57   0   0   1   4   0   4   1   0   9   1   4   1   0   1   4   2   0]
 [  0  35   0   1   3   0   1   3   0   2   0   0   0   0   0   0   0   0]
 [  0   0 132   0   1   0   0   0   0   1   1   0   0   0   1   0   4   0]
 [  6   1   1  11   6   0   9   0   0  11   0   9   3   0   1   1   1   0]
 [  0   1   0   1  86   0   2   0   2   3   0   0   0   0   1   1   0   0]
 [  0   0   1   0   1  27   0   1   0   8   0   5   0   1   0   0  29   0]
 [  2   0   0   0   0   0 263   0   0   4   1   6   5   0   1   2   2   0]
 [  1   1   0   0   0   0   1  65   1   2   2   6   1   0   0   0   1   0]
 [  0   0   0   1   1   0   0   1  29  14   0   2   0   1   1   0   1   0]
 [  5   0   2   1   2   2   4   0   0 194   1  15   2   0   3   2   0   0]
 [  0   0   0   0   2   0   2   1   0   3 165   5   0   0   0   0   0   0]
 [  2   1   1   3   1   1   9   1   1  39   0 546   0   3   9   3   5   0]
 [  0   0   0   1   1   0   6   0   0   2   0   1  85   0   0   0   1   0]
 [  0   0   2   0   0   0   0   0   0   0   0   3   0  18   0   0  10   1]
 [  1   0   1   0   1   0   0   0   0   4   1   2   0   0  94   0   0   0]
 [  0   1   0   0   0   0   8   0   0   2   0   3   0   0   1  52   0   0]
 [  0   0   0   0   0   0   2   0   0   2   2   7   0   2   0   0 234   0]
 [  0   0   0   0   0   0   1   0   0   0   0   0   1   0   0   0   0  64]]
('Model params: 0.366M', 'Model buffers: 0.000M', 'Model size: 1.397MB')

*******************************************

