MODEL: Gated_BERT
DATASET: dbpedia
VOCAB_SIZE: 4096
EMBED_DIM: 128
FORWARD_EXPANSION: 2
MAX_LENGTH: 512
LAYERS: 1
REDUCED_EMBEDDING_DIM: 16
LR: 0.01
EPOCHS: 6

average eval loss: 0.0648324660065169
Accuracy: 0.9823428571428572
F1 (micro): 0.9823428571428572
Precision (micro): 0.9823428571428572
Recall (micro): 0.9823428571428572
MCC: 0.9809922013942998
Confusion matrix:
 [[4694   59    8    5    6   47   86    4    5    6    1    5    9   65]
 [  24 4943    2    0    3    2   16    0    3    0    0    0    1    6]
 [  10    4 4860   26   49    0    6    0    1    0    0    9    7   28]
 [   0    2   13 4967   10    1    2    0    0    2    0    0    1    2]
 [   7    6   84   23 4863    3    7    0    2    0    0    0    0    5]
 [  16    0    1    2    1 4961   15    0    0    0    0    0    3    1]
 [  36   41    0    0    3   16 4870    8   16    2    1    1    0    6]
 [   3    0    1    0    0    1   55 4901   34    4    0    0    0    1]
 [   1    0    0    0    1    0    3    2 4993    0    0    0    0    0]
 [   0    0    0    1    0    4    2    0    0 4969   24    0    0    0]
 [  10    0    0    0    0    5    0    0    1   56 4926    0    1    1]
 [   4    0    8    1    0    2    0    0    0    0    0 4947   19   19]
 [   3    1    3    0    0    3    2    0    0    0    0   17 4939   32]
 [  16    7    6    1    0    1    5    1    0    1    1    5   25 4931]]
('Model params: 0.366M', 'Model buffers: 0.000M', 'Model size: 1.395MB')

*******************************************

MODEL: Gated_BERT
DATASET: dbpedia
VOCAB_SIZE: 4096
EMBED_DIM: 128
FORWARD_EXPANSION: 2
MAX_LENGTH: 512
LAYERS: 1
REDUCED_EMBEDDING_DIM: 16
LR: 0.01
EPOCHS: 6

average eval loss: 0.06329896197356033
Accuracy: 0.9824285714285714
F1 (micro): 0.9824285714285714
Precision (micro): 0.9824285714285714
Recall (micro): 0.9824285714285714
MCC: 0.9810831375575081
Confusion matrix:
 [[4779   63   14    2    5   23   33    8    3    9    2    7    4   48]
 [  31 4943    2    0    3    0   13    2    2    0    0    1    0    3]
 [   8    3 4880   14   55    0    2    0    1    1    0   12    4   20]
 [   3    1   29 4943   19    0    0    0    0    2    0    1    2    0]
 [   5    6   92   14 4869    1    5    0    1    1    0    1    0    5]
 [  44    3    1    0    1 4922   15    7    0    2    0    1    3    1]
 [  57   50    0    1    2   11 4806   39   21    4    0    1    1    7]
 [   2    1    0    0    0    0    8 4964   14    7    1    1    0    2]
 [   1    0    0    0    0    0    5    5 4989    0    0    0    0    0]
 [   0    0    0    0    0    3    0    0    0 4981   16    0    0    0]
 [  13    0    1    0    0    1    0    1    0  106 4877    0    0    1]
 [   5    0   10    1    0    1    0    0    0    0    0 4966   11    6]
 [   8    3    6    0    0    2    1    0    1    1    0   16 4920   42]
 [  15   10   11    0    1    0    1    1    1    1    1    8   19 4931]]
('Model params: 0.366M', 'Model buffers: 0.000M', 'Model size: 1.395MB')

*******************************************

MODEL: Gated_BERT
DATASET: dbpedia
VOCAB_SIZE: 4096
EMBED_DIM: 128
FORWARD_EXPANSION: 2
MAX_LENGTH: 512
LAYERS: 1
REDUCED_EMBEDDING_DIM: 16
LR: 0.01
EPOCHS: 6

average eval loss: 0.06421123346413543
Accuracy: 0.9825714285714285
F1 (micro): 0.9825714285714285
Precision (micro): 0.9825714285714285
Recall (micro): 0.9825714285714285
MCC: 0.9812386083881082
Confusion matrix:
 [[4799   48    2    4    8   31   56   12    2    1    2    3    2   30]
 [  28 4937    0    1    5    0   23    3    1    0    0    0    0    2]
 [  17    3 4741   62  126    0    5    1    1    2    0   12    5   25]
 [   1    1    6 4980   10    0    0    0    0    0    0    0    1    1]
 [   4    4   40   27 4916    1    5    1    0    0    0    0    0    2]
 [  34    1    1    0    3 4939   11    6    0    1    0    0    3    1]
 [  50   37    2    0    9   14 4823   53    8    2    0    1    0    1]
 [   2    1    0    0    0    1    6 4982    7    0    0    0    0    1]
 [   0    0    0    0    0    0    2    9 4988    0    0    1    0    0]
 [   1    1    0    0    0    3    0    9    0 4914   71    0    0    1]
 [  18    1    0    0    0    3    0    3    0   20 4954    0    0    1]
 [   5    0    2    1    0    1    0    0    0    0    0 4973    8   10]
 [  14    1    2    0    0    1    3    0    1    0    0   24 4912   42]
 [  30    6    6    0    1    1    3    4    0    0    2    8   17 4922]]
('Model params: 0.366M', 'Model buffers: 0.000M', 'Model size: 1.395MB')

*******************************************

MODEL: Gated_BERT
DATASET: dbpedia
VOCAB_SIZE: 4096
EMBED_DIM: 128
FORWARD_EXPANSION: 2
MAX_LENGTH: 512
LAYERS: 1
REDUCED_EMBEDDING_DIM: 16
LR: 0.01
EPOCHS: 6

average eval loss: 0.06543894703635184
Accuracy: 0.9821714285714286
F1 (micro): 0.9821714285714286
Precision (micro): 0.9821714285714286
Recall (micro): 0.9821714285714286
MCC: 0.9808083664388304
Confusion matrix:
 [[4784   61   21    6    7   32   27   10    3    3    5   11    2   28]
 [  30 4949    2    0    4    0   10    1    1    0    1    0    0    2]
 [   9    2 4835   30   93    0    0    0    1    1    0   17    3    9]
 [   0    1   11 4973   15    0    0    0    0    0    0    0    0    0]
 [   4    3   54   21 4910    3    2    1    0    1    0    1    0    0]
 [  33    1    2    0    3 4945    7    3    0    0    0    2    3    1]
 [  84   91    2    2    7   19 4731   43   13    2    0    2    0    4]
 [   2    0    1    0    1    0    7 4982    5    1    0    0    0    1]
 [   1    1    0    0    0    0    1    7 4990    0    0    0    0    0]
 [   2    0    1    2    1    6    0    3    0 4939   46    0    0    0]
 [  12    0    0    1    0    3    0    0    0   32 4950    1    0    1]
 [   1    0    4    1    0    1    0    0    0    0    0 4981    4    8]
 [   9    2    6    0    1    3    0    0    0    0    0   38 4904   37]
 [  33    8   33    1    4    1    2    6    0    0    2   14   17 4879]]
('Model params: 0.366M', 'Model buffers: 0.000M', 'Model size: 1.395MB')

*******************************************

MODEL: Gated_BERT
DATASET: dbpedia
VOCAB_SIZE: 4096
EMBED_DIM: 128
FORWARD_EXPANSION: 2
MAX_LENGTH: 512
LAYERS: 1
REDUCED_EMBEDDING_DIM: 16
LR: 0.01
EPOCHS: 6

average eval loss: 0.06593210795889264
Accuracy: 0.9813285714285714
F1 (micro): 0.9813285714285714
Precision (micro): 0.9813285714285714
Recall (micro): 0.9813285714285714
MCC: 0.97990694545776
Confusion matrix:
 [[4875   21    3    1    7   17   30    5    4    4    0    2    3   28]
 [  94 4865    0    0    8    0   26    2    3    0    0    0    0    2]
 [  19    1 4811   21  105    0    2    0    1    1    0    7    7   25]
 [   1    1   14 4959   19    0    0    0    0    3    0    0    1    2]
 [  13    0   43   22 4916    0    2    0    2    0    0    0    0    2]
 [  86    0    1    1    3 4871   21    3    0    7    0    1    3    3]
 [ 117   16    0    1    3   10 4802   24   13    4    0    1    1    8]
 [   6    0    1    0    1    0   12 4962   14    3    1    0    0    0]
 [   2    0    0    0    0    0    2    5 4991    0    0    0    0    0]
 [   4    0    0    1    0    2    0    3    0 4919   68    0    1    2]
 [  17    0    0    0    0    2    0    1    0   27 4952    0    0    1]
 [  12    0   13    0    0    1    0    1    0    0    0 4910   46   17]
 [   8    0    3    0    1    1    0    0    0    0    0    8 4946   33]
 [  35    4    9    0    2    1    1    2    0    0    1    2   29 4914]]
('Model params: 0.366M', 'Model buffers: 0.000M', 'Model size: 1.395MB')

*******************************************

