Model config for current run:
ModelConfig(model_name='EmbBERT-Diff', embedding_dimension=96, reduced_embedding_dimension=16, number_of_heads=1, max_length=256, forward_expansion=0.8, d_state=None, num_layers=4, vocab_size=8192, learning_rate=0.001)
EPOCHS: 20

*******************************************

average eval loss:  0.5817
Accuracy: 0.855
F1: 0.858
Precision: 0.871
Recall: 0.855
MCC: 0.840
Confusion matrix:
 [[ 59   0   0   1   0   0   1   0   0   0   0   0   0   0   0   0   0   0]
 [  1  27   1   0   0   0   0   0   0   1   0   0   0   1   0   0   0   1]
 [  0   1 130   0   3   0   0   0   0   1   0   0   0   0   0   0   1   0]
 [  1   1   1 256   0   1   9   0   4   0   0   3   0   9   0   2   1   2]
 [  0   3   7   2 215   0   2   0   1  13   0   0   1   7   1   1   1   1]
 [  0   3   3  13   6 494   2   1   7   2   3  29   5  15   8   2   4   3]
 [  0   1   0   1   0   0  63   0   0   0   2   0   0   0   0   0   0   0]
 [  0   0   0   1   0   0   0  31   1   0   0   0   0   1   0   0   0   0]
 [  0   0   1   1   1   0   1   0  73   0   0   4   4   6   0   1   0   0]
 [  0   0   0   0   3   1   0   0   0  46   0   3   0   2   0   1   0   0]
 [  0   0   3   1   0   0   0   0   2   0  94   1   1   3   2   3   2   1]
 [  0   1   3   6   3   3   2   2  10   4   2 200   3   7   1   4   3   2]
 [  0   0   0   2   0   0   0   0   2   1   0   3  65   1   0   5   0   0]
 [  0   0   0   2   0   0   0   0   0   0   0   4   0  54   0   0   0   0]
 [  0   0   0   0   1   0   0   0   0   0   2   3   0   1  43   0   0   1]
 [  0   0   0   4   0   0   0   0   2   0   0   2   2   1   0 178   0   0]
 [  0   2   1   2   0   0   1   0   3   2   1   0   0   2   0   0  88   1]
 [  0   0   0   3   4   0   0   1   0   2   0   1   1   1   0   2   1  82]]
('Model params: 314.146K', 'Model buffers: 0.000K', 'Model size: 1.198MB')

*******************************************

average eval loss:  0.5835
Accuracy: 0.862
F1: 0.864
Precision: 0.872
Recall: 0.862
MCC: 0.847
Confusion matrix:
 [[ 60   0   0   0   0   0   1   0   0   0   0   0   0   0   0   0   0   0]
 [  0  28   0   0   0   0   0   1   0   1   0   0   1   0   0   0   0   1]
 [  0   2 130   0   0   1   1   0   0   0   0   0   1   0   0   0   0   1]
 [  1   0   0 256   1   3   8   0   2   1   2   2   1   6   0   5   0   2]
 [  1   2   5   0 222   1   1   3   1  10   0   2   3   2   0   1   1   0]
 [  0   5   3   6   6 508   3   2   9   7   5  23   4   4   4   1   6   4]
 [  0   1   0   0   0   0  63   0   0   0   1   0   0   0   0   0   2   0]
 [  1   0   0   0   0   0   0  29   0   0   0   1   0   1   2   0   0   0]
 [  0   0   0   0   1   0   1   1  74   0   1   3   8   1   0   0   2   0]
 [  2   0   1   0   3   0   0   0   0  47   0   1   0   0   0   0   1   1]
 [  0   0   1   2   0   0   2   0   1   0 101   1   1   0   0   3   1   0]
 [  0   0   1   1   7   4   2   8  11   3   4 196   4   5   2   6   2   0]
 [  0   0   0   1   1   0   0   2   2   0   0   1  70   0   0   1   0   1]
 [  0   0   0   1   1   0   1   1   3   1   0   5   4  41   2   0   0   0]
 [  0   0   0   0   2   0   0   1   2   1   1   2   1   0  39   0   1   1]
 [  0   0   0   0   1   0   0   0   1   0   1   6   1   0   0 177   2   0]
 [  0   0   1   0   2   0   1   0   0   0   1   3   1   1   0   2  90   1]
 [  0   0   0   4   4   0   0   1   0   1   0   0   2   0   1   0   0  85]]
('Model params: 314.146K', 'Model buffers: 0.000K', 'Model size: 1.198MB')

*******************************************

average eval loss:  0.6027
Accuracy: 0.860
F1: 0.863
Precision: 0.873
Recall: 0.860
MCC: 0.846
Confusion matrix:
 [[ 59   0   0   1   0   0   1   0   0   0   0   0   0   0   0   0   0   0]
 [  0  28   2   0   0   1   0   0   0   1   0   0   0   0   0   0   0   0]
 [  0   3 132   0   0   0   0   0   0   0   0   1   0   0   0   0   0   0]
 [  0   1   1 257   0   2   9   0   2   1   3   3   1   6   0   3   0   1]
 [  0   4   8   2 215   2   2   1   0  16   0   2   1   1   1   0   0   0]
 [  0   2   5  10   2 517   0   5   4   8   5  22   7   3   6   2   2   0]
 [  1   0   1   0   0   1  59   0   0   0   1   2   0   0   0   0   2   0]
 [  0   0   0   1   0   0   0  30   0   0   0   0   0   2   0   1   0   0]
 [  0   0   1   1   2   2   0   0  68   0   0   6   7   4   0   1   0   0]
 [  1   0   0   0   1   0   2   0   0  51   0   1   0   0   0   0   0   0]
 [  0   0   0   1   0   0   3   0   1   1  97   2   0   0   2   2   3   1]
 [  0   0   7   2   2  11   5   4   9   5   2 193   7   7   1   0   1   0]
 [  0   0   0   1   0   0   0   1   0   0   0   1  75   1   0   0   0   0]
 [  1   0   0   1   0   0   0   3   4   1   0   3   1  46   0   0   0   0]
 [  0   0   0   0   0   1   0   1   0   0   2   6   0   1  38   0   1   1]
 [  0   0   0   2   1   1   1   0   4   1   0   0   2   1   1 174   1   0]
 [  0   1   2   1   1   0   0   0   2   1   0   1   1   1   1   0  91   0]
 [  0   0   1   6   0   0   0   2   0   3   1   0   0   1   1   0   0  83]]
('Model params: 314.146K', 'Model buffers: 0.000K', 'Model size: 1.198MB')

*******************************************

average eval loss:  0.6113
Accuracy: 0.852
F1: 0.856
Precision: 0.868
Recall: 0.852
MCC: 0.837
Confusion matrix:
 [[ 59   0   0   1   0   0   1   0   0   0   0   0   0   0   0   0   0   0]
 [  0  28   3   0   0   0   0   0   0   0   0   0   0   1   0   0   0   0]
 [  0   1 131   1   1   0   1   0   0   0   0   1   0   0   0   0   0   0]
 [  0   0   0 248   2   0  10   2   5   2   0   4   1  10   3   3   0   0]
 [  0   5   3   1 219   0   1   3   0   8   0   5   1   1   3   0   3   2]
 [  0   2   5   7   5 498   2   2   2  10   2  31   4   9  14   0   6   1]
 [  0   0   0   0   0   0  62   0   0   0   1   3   0   0   0   0   1   0]
 [  0   0   0   0   0   0   0  30   0   0   0   0   0   2   1   1   0   0]
 [  0   0   1   2   1   1   0   0  66   0   0  12   4   4   0   1   0   0]
 [  0   0   0   0   4   1   0   0   1  45   0   1   0   0   1   1   1   1]
 [  0   0   3   2   0   0   1   1   1   1  95   1   0   2   1   4   1   0]
 [  0   0   4   2   4   4   2   2   7   6   4 205   2   3   7   0   3   1]
 [  0   0   0   1   0   0   0   2   1   0   0   1  68   2   2   2   0   0]
 [  0   0   0   2   0   0   0   1   1   0   0   5   0  49   0   0   1   1]
 [  0   0   1   1   1   0   1   0   0   0   1   2   0   0  41   0   2   1]
 [  0   1   0   3   1   0   0   0   2   1   0   5   1   1   0 174   0   0]
 [  0   0   1   0   1   0   1   1   1   1   1   2   2   1   3   0  88   0]
 [  0   0   0   7   1   0   0   2   0   1   0   1   0   1   0   0   0  85]]
('Model params: 314.146K', 'Model buffers: 0.000K', 'Model size: 1.198MB')

*******************************************

average eval loss:  0.6139
Accuracy: 0.865
F1: 0.869
Precision: 0.878
Recall: 0.865
MCC: 0.852
Confusion matrix:
 [[ 58   0   0   1   0   0   1   0   0   0   0   0   1   0   0   0   0   0]
 [  0  27   0   0   1   0   0   0   0   2   0   0   0   0   1   0   0   1]
 [  0   3 128   1   3   0   0   0   0   0   0   0   0   0   0   0   1   0]
 [  0   0   0 256   0   3   3   1   3   2   5   6   0   5   3   1   0   2]
 [  0   1   5   2 226   0   1   0   0   8   0   1   0   3   1   2   4   1]
 [  2   1   1   6   5 507   2   3   6   5   7  28   2   6  15   2   2   0]
 [  0   0   0   0   0   0  61   0   0   0   4   2   0   0   0   0   0   0]
 [  0   0   0   1   0   0   1  29   0   0   0   0   1   0   1   0   1   0]
 [  1   0   1   0   0   0   1   0  79   0   1   4   2   2   1   0   0   0]
 [  1   0   0   0   3   0   0   0   1  47   0   0   0   0   0   1   1   2]
 [  2   0   0   0   0   1   1   0   1   0 102   3   1   0   0   2   0   0]
 [  0   1   1   0   3   1   2   0   8   4   5 204   3   4  11   6   2   1]
 [  0   0   0   1   1   0   0   2   3   0   0   1  66   1   0   3   1   0]
 [  0   0   1   0   0   0   0   3   2   1   0   6   0  45   1   0   1   0]
 [  0   1   0   0   0   0   0   1   2   0   2   1   0   0  42   0   1   1]
 [  0   0   0   1   1   1   0   0   1   1   1   3   0   0   1 176   2   1]
 [  0   1   0   1   4   0   0   0   1   1   1   3   0   0   2   0  89   0]
 [  0   1   0   5   1   0   0   1   2   1   1   0   1   0   0   0   1  84]]
('Model params: 314.146K', 'Model buffers: 0.000K', 'Model size: 1.198MB')

*******************************************

**************************************************
==================================================
**************************************************
