MODEL: MLPSwiGLU
DATASET: nlu
VOCAB_SIZE: 4096
EMBED_DIM: 128
FORWARD_EXPANSION: 2
MAX_LENGTH: 512
LAYERS: 1
REDUCED_EMBEDDING_DIM: 16
LR: 0.01
EPOCHS: 6

average eval loss: 0.8076949119567871
Accuracy: 0.781747572815534
F1 (micro): 0.781747572815534
Precision (micro): 0.781747572815534
Recall (micro): 0.781747572815534
MCC: 0.7621214376382717
Confusion matrix:
 [[ 66   0   0   1   0   1   0   1   0   1   0   0   0   0   1   0   0   0]
 [  1 174   2   7  13   3   2   5   6   1   2   2   7   2   3   1   8  22]
 [  0   5 184   3   4   4   7  26   1   2   1   2   0   3   2   1   0   2]
 [  0   9   0  58   3   0   1   6   1   0   2   1   0   2   1   0   1   5]
 [  0   4   0   1  33   0   2   0   1   1   0   0   0   0   0   0   2   1]
 [  0   0   0   0   1  56   1   1   0   0   2   1   0   0   1   0   0   0]
 [  0   0   2   0   0   0  37   3   0   0   0   0   0   0   0   0   0   2]
 [  0   2   2   1   0   2   1  43   0   1   1   0   0   0   1   1   1   0]
 [  0   3   0   0   1   0   0   8  72   0   0   0   1   0   0   1   2   4]
 [  0   1   0   1   0   1   0   7   0  87   0   0   0   0   2   0   0   1]
 [  0   0   2   0   0   0   0   1   0   0  36   0   0   0   3   2   0   1]
 [  0  10   0   0   3   2   0   1   0   2   1 148   1   0   6   0   0   4]
 [  0  27   5   8   8   1   5  24   3   2  14  11 461   1   4   2   8  12]
 [  0   3   1   2   3   0   0   3   1   0   0   0   0  86   0   0   0   4]
 [  3   8   3   2   1   2   1   3   4   6   3   1   0   1 232   1  10  19]
 [  0   1   0   0   0   0   1   7   1   0   5   0   0   0   0 123   0   0]
 [  1   2   0   0   1   0   0   0   0   0   0   0   0   1   1   0  66   1]
 [  0   4   0   1   2   1   2   3   0   2   2   0   0   0   3   0   2  51]]
('Model params: 0.235M', 'Model buffers: 0.000M', 'Model size: 0.895MB')

*******************************************

MODEL: MLPSwiGLU
DATASET: nlu
VOCAB_SIZE: 4096
EMBED_DIM: 128
FORWARD_EXPANSION: 2
MAX_LENGTH: 512
LAYERS: 1
REDUCED_EMBEDDING_DIM: 16
LR: 0.01
EPOCHS: 6

average eval loss: 0.8993126778375535
Accuracy: 0.7642718446601942
F1 (micro): 0.7642718446601942
Precision (micro): 0.7642718446601942
Recall (micro): 0.7642718446601942
MCC: 0.7415707956087593
Confusion matrix:
 [[ 61   0   1   0   0   0   0   0   0   5   1   0   0   0   2   1   0   0]
 [  1 190   2   3   5   4   0   2   0   5   6   4   9   1   1   9   4  15]
 [  0  10 184   1   2   2   1  18   1   4   1   2   1   2   0  15   1   2]
 [  0  15   1  55   0   1   0   0   1   0   1   3   0   2   1   6   1   3]
 [  0   8   0   0  33   0   0   0   1   1   0   0   1   0   1   0   0   0]
 [  0   5   0   0   0  48   1   1   0   1   2   1   0   0   0   4   0   0]
 [  0   2   1   0   0   1  33   0   1   1   1   0   0   0   0   1   0   3]
 [  0   5   3   0   0   0   0  36   0   1   0   0   0   0   0  10   1   0]
 [  0   8   0   0   2   0   0   0  71   0   1   0   1   0   0   5   3   1]
 [  0   7   2   0   0   2   0   2   0  80   0   0   0   0   1   5   0   1]
 [  0   1   1   0   0   1   0   1   0   0  32   0   0   0   0   9   0   0]
 [  0  10   1   1   1   1   0   0   0   5   0 152   2   1   2   2   0   0]
 [  0  41   8   2   4   2   2   2   1   5  18   5 468   0   1  22   6   9]
 [  0   7   1   3   2   0   1   0   1   5   0   0   0  72   3   4   1   3]
 [  1  12   0   1   0   0   1   0   3  12   3   3   0   0 232   8   7  17]
 [  0   4   2   1   0   0   1   0   3   0   7   0   0   0   1 119   0   0]
 [  1   8   0   0   0   0   0   0   1   0   0   0   0   1   2   0  60   0]
 [  0  13   2   0   1   0   1   1   1   2   0   0   0   1   4   4   1  42]]
('Model params: 0.235M', 'Model buffers: 0.000M', 'Model size: 0.895MB')

*******************************************

MODEL: MLPSwiGLU
DATASET: nlu
VOCAB_SIZE: 4096
EMBED_DIM: 128
FORWARD_EXPANSION: 2
MAX_LENGTH: 512
LAYERS: 1
REDUCED_EMBEDDING_DIM: 16
LR: 0.01
EPOCHS: 6

average eval loss: 0.8963245210193452
Accuracy: 0.7576699029126214
F1 (micro): 0.7576699029126214
Precision (micro): 0.7576699029126214
Recall (micro): 0.7576699029126214
MCC: 0.738465311560504
Confusion matrix:
 [[ 63   0   1   0   0   0   0   3   0   0   3   0   0   0   0   0   1   0]
 [  1 135   0  10  13   5   0  36   7   0   1   1   1   7   0   1  27  16]
 [  0   2 182   3   1   3   0  36   1   5   4   1   0   4   1   1   1   2]
 [  0   6   0  62   0   0   0   5   2   0   0   1   1   3   0   0   5   5]
 [  0   1   0   0  30   1   1   3   0   1   0   0   0   1   0   0   3   4]
 [  0   0   0   0   2  54   0   2   0   0   1   0   0   0   2   0   1   1]
 [  0   0   0   0   1   2  35   3   0   0   0   0   0   0   0   0   0   3]
 [  0   4   8   0   3   0   0  33   0   1   1   1   0   0   0   1   2   2]
 [  0   5   0   0   0   0   0   8  67   0   0   1   1   0   5   1   1   3]
 [  0   3   2   0   0   0   0   8   0  81   0   1   0   0   0   0   0   5]
 [  0   0   0   0   1   0   0   3   0   0  37   0   0   0   0   3   0   1]
 [  0   8   0   3   5   2   0  10   0   0   0 147   1   0   0   0   0   2]
 [  0  13   4  11   9   4   0  49   5   1   5   1 460   2   4   6   5  17]
 [  0   1   0   1   2   1   0   4   0   1   0   0   0  87   0   0   0   6]
 [  1   1   2   3   9   3   1  15   3   2   0   1   0   1 235   1   7  15]
 [  1   1   2   0   1   0   3   4   0   0   0   0   0   0   0 125   0   1]
 [  1   2   0   0   0   0   0   4   0   0   0   0   0   1   0   0  65   0]
 [  0   2   0   2   0   1   2   3   2   2   1   0   0   2   2   0   1  53]]
('Model params: 0.235M', 'Model buffers: 0.000M', 'Model size: 0.895MB')

*******************************************

MODEL: MLPSwiGLU
DATASET: nlu
VOCAB_SIZE: 4096
EMBED_DIM: 128
FORWARD_EXPANSION: 2
MAX_LENGTH: 512
LAYERS: 1
REDUCED_EMBEDDING_DIM: 16
LR: 0.01
EPOCHS: 6

average eval loss: 0.9722528656323751
Accuracy: 0.7398058252427184
F1 (micro): 0.7398058252427184
Precision (micro): 0.7398058252427184
Recall (micro): 0.7398058252427184
MCC: 0.7166585780083398
Confusion matrix:
 [[ 36   1   0   0   0   0   1   0   0  14   9   0   0   1   6   1   1   1]
 [  1 160   2  14  20   2   1   0   3   4  11   0   3   3   0   7   8  22]
 [  1   5 199   0   0   0   2  13   1   5   7   0   1   4   0   9   0   0]
 [  0  10   0  64   0   3   0   0   1   1   5   1   0   3   0   0   0   2]
 [  0   3   0   0  32   0   0   1   1   0   1   0   0   0   0   2   2   3]
 [  0   0   0   2   3  54   1   0   0   2   1   0   0   0   0   0   0   0]
 [  0   2   0   1   0   0  38   0   0   1   1   0   0   0   0   0   0   1]
 [  1   1   3   1   0   0   0  41   0   0   2   2   0   0   0   3   0   2]
 [  0   3   0   2   3   0   0   0  71   4   2   0   1   0   0   1   3   2]
 [  0  10   2   1   0   1   1   3   0  59  15   0   0   1   1   1   2   3]
 [  0   0   1   0   0   0   0   1   0   1  33   1   0   0   0   6   1   1]
 [  0   7   1   2   2   6   2   1   0   9  12 130   1   1   1   1   1   1]
 [  3  32   2  16   4   0   2   4   4   9  23   1 470   0   2  10   6   8]
 [  0   4   0   1   3   0   0   0   1   0   5   0   0  85   0   0   0   4]
 [ 10   5   1   1   0   3   3   1   3  18   8   2   0   1 204   1   7  32]
 [  1   1   0   1   0   1   1   0   0   2   5   0   0   0   0 119   0   7]
 [  0   2   0   0   3   1   0   0   0   0   1   0   0   2   0   0  64   0]
 [  1   6   0   3   2   1   0   1   2   5   0   0   0   2   1   2   1  46]]
('Model params: 0.235M', 'Model buffers: 0.000M', 'Model size: 0.895MB')

*******************************************

MODEL: MLPSwiGLU
DATASET: nlu
VOCAB_SIZE: 4096
EMBED_DIM: 128
FORWARD_EXPANSION: 2
MAX_LENGTH: 512
LAYERS: 1
REDUCED_EMBEDDING_DIM: 16
LR: 0.01
EPOCHS: 6

average eval loss: 0.8363265593846639
Accuracy: 0.7844660194174757
F1 (micro): 0.7844660194174757
Precision (micro): 0.7844660194174757
Recall (micro): 0.7844660194174757
MCC: 0.7640731904921514
Confusion matrix:
 [[ 67   1   0   1   0   0   0   0   0   1   1   0   0   0   0   0   0   0]
 [  1 174   3  21   6   3   1  13   9   0   6   0  11   0   2   1   8   2]
 [  0   6 202   6   1   0   1  18   0   3   5   0   0   2   3   0   0   0]
 [  0   4   1  69   1   0   1   1   2   0   4   1   0   2   2   0   0   2]
 [  0   8   1   3  31   0   1   0   0   1   0   0   0   0   0   0   0   0]
 [  1   4   0   3   0  50   2   2   0   0   0   0   1   0   0   0   0   0]
 [  0   2   1   0   2   0  35   0   0   0   2   0   0   0   0   0   0   2]
 [  0   1   4   3   0   0   0  44   0   0   2   1   0   0   0   0   0   1]
 [  0   4   0  12   0   0   0   0  68   0   3   0   1   0   1   1   2   0]
 [  1   4   0   3   0   0   0   4   1  83   2   0   1   0   1   0   0   0]
 [  0   1   3   1   0   0   0   3   1   0  31   0   0   0   4   0   1   0]
 [  0   4   1  11   0   1   0   2   0   1   8 137   1   0   9   0   0   3]
 [  2  44   2  32   2   1   1  12   3   1  16   0 468   0   6   1   2   3]
 [  1   2   1   6   0   0   2   0   1   0   1   0   0  84   3   0   0   2]
 [  2   5   4   7   0   1   2   0   5   3   6   0   0   0 248   1  10   6]
 [  0   4   0   1   3   0   1   1   0   0   2   0   1   0   0 124   1   0]
 [  1   3   0   2   0   0   0   0   3   0   0   0   0   0   1   0  63   0]
 [  0   3   1  10   0   0   1   1   0   2   3   0   1   0   6   0   3  42]]
('Model params: 0.235M', 'Model buffers: 0.000M', 'Model size: 0.895MB')

*******************************************

