MODEL: MLPSwiGLU
DATASET: dbpedia
VOCAB_SIZE: 4096
EMBED_DIM: 128
FORWARD_EXPANSION: 2
MAX_LENGTH: 512
LAYERS: 1
REDUCED_EMBEDDING_DIM: 16
LR: 0.01
EPOCHS: 6

average eval loss: 0.0987123104378026
Accuracy: 0.971
F1 (micro): 0.971
Precision (micro): 0.971
Recall (micro): 0.971
MCC: 0.9687736215593181
Confusion matrix:
 [[4654   39   29    3   14   69   67   12    4    9    7    9   19   65]
 [  44 4871    2    1   12    2   45    2    0    0    1    2    2   16]
 [  16    2 4809   14  103    2    4    0    0    1    3    5    8   33]
 [   3    1   52 4879   55    1    1    0    0    5    1    1    0    1]
 [  10   11  125   23 4812    2    8    0    1    2    1    0    1    4]
 [  55    0    3    1    1 4891   24    5    0    2    2    1    7    8]
 [  75   29    5    1   18   40 4763   41    7    4    2    1    2   12]
 [   7    1    3    1    3    3   46 4901   16    9    8    0    0    2]
 [   1    1    1    0    2    0    8   19 4967    0    0    1    0    0]
 [   5    0    4    0    1    9    3   11    0 4881   79    0    2    5]
 [  17    0    6    0    1    4    0    3    0   63 4901    0    0    5]
 [   7    0   42    0    0    3    1    0    0    0    1 4904   26   16]
 [  10    1   16    0    0    7    0    0    0    0    1   22 4890   53]
 [  37    8   44    0    9    8    5    2    0    2    1    8   29 4847]]
('Model params: 0.234M', 'Model buffers: 0.000M', 'Model size: 0.893MB')

*******************************************

MODEL: MLPSwiGLU
DATASET: dbpedia
VOCAB_SIZE: 4096
EMBED_DIM: 128
FORWARD_EXPANSION: 2
MAX_LENGTH: 512
LAYERS: 1
REDUCED_EMBEDDING_DIM: 16
LR: 0.01
EPOCHS: 6

average eval loss: 0.09330391517950569
Accuracy: 0.9726285714285714
F1 (micro): 0.9726285714285714
Precision (micro): 0.9726285714285714
Recall (micro): 0.9726285714285714
MCC: 0.9705239324776284
Confusion matrix:
 [[4685   56   18    5   11   59   71   13    3    5    6    8   10   50]
 [  37 4907    2    0    6    2   40    0    1    1    1    1    0    2]
 [  25    5 4768   24  115    3    6    1    1    2    1   12    5   32]
 [   2    3   44 4900   41    1    1    3    0    4    0    0    0    1]
 [   9    7   95   37 4836    4    4    0    1    1    0    0    2    4]
 [  52    2    3    2    3 4890   27    3    0    6    1    1    4    6]
 [  68   40    4    3    5   33 4788   27    9    8    2    1    5    7]
 [  10    0    0    2    2    8   43 4902   14   13    3    0    0    3]
 [   3    1    0    1    3    0    8   11 4968    2    2    1    0    0]
 [  11    0    2    0    1   11    4    7    1 4890   72    0    0    1]
 [  16    1    5    0    3    3    1    0    1   76 4891    1    0    2]
 [   7    0   16    1    0    2    1    0    0    1    0 4946   15   11]
 [  20    2   12    0    1    7    5    0    1    0    4   21 4881   46]
 [  53    8   37    1    8   11    6    0    0    3    2   11   28 4832]]
('Model params: 0.234M', 'Model buffers: 0.000M', 'Model size: 0.893MB')

*******************************************

MODEL: MLPSwiGLU
DATASET: dbpedia
VOCAB_SIZE: 4096
EMBED_DIM: 128
FORWARD_EXPANSION: 2
MAX_LENGTH: 512
LAYERS: 1
REDUCED_EMBEDDING_DIM: 16
LR: 0.01
EPOCHS: 6

average eval loss: 0.10913567746422463
Accuracy: 0.9676142857142858
F1 (micro): 0.9676142857142858
Precision (micro): 0.9676142857142858
Recall (micro): 0.9676142857142858
MCC: 0.9651474971606591
Confusion matrix:
 [[4781   42   10    5   12   36   32    8    3    2    1    5   13   50]
 [  74 4867    1    2    6    3   33    1    0    0    0    0    3   10]
 [  33    8 4721   36  122    1    3    1    1    2    1   14   16   41]
 [   5    4   36 4905   44    1    2    1    0    1    0    0    0    1]
 [  21    8   86   30 4838    4    5    1    0    3    1    0    0    3]
 [ 121    0    5    2    5 4819   19    3    0    3    2    1    9   11]
 [ 160   55    4    3    9   36 4661   37   13    1    1    1    4   15]
 [  24    0    3    2    1    1   37 4895   16    6    3    1    2    9]
 [   9    1    4    0    3    0   14   14 4952    1    1    1    0    0]
 [  26    0    5   13    2   11    5   12    0 4841   79    0    1    5]
 [  30    0    6    0    4    8    0    6    0   64 4873    0    0    9]
 [  33    0   30    1    0    3    3    3    0    0    0 4838   64   25]
 [  22    0   10    0    0   11    1    0    0    0    0   10 4911   35]
 [  60    9   19    3    4   13    5    3    1    0    3    4   45 4831]]
('Model params: 0.234M', 'Model buffers: 0.000M', 'Model size: 0.893MB')

*******************************************

MODEL: MLPSwiGLU
DATASET: dbpedia
VOCAB_SIZE: 4096
EMBED_DIM: 128
FORWARD_EXPANSION: 2
MAX_LENGTH: 512
LAYERS: 1
REDUCED_EMBEDDING_DIM: 16
LR: 0.01
EPOCHS: 6

average eval loss: 0.10145538236470841
Accuracy: 0.9706428571428571
F1 (micro): 0.9706428571428571
Precision (micro): 0.9706428571428571
Recall (micro): 0.9706428571428571
MCC: 0.9683919392222048
Confusion matrix:
 [[4711   58   11    4   20   33   68   14    3    7    2    7   13   49]
 [  39 4883    3    0    9    3   50    5    0    0    2    0    1    5]
 [  21    5 4695   35  147    0    7    1    1    0    1   18    9   60]
 [   1    2   28 4912   47    2    2    1    0    2    0    0    0    3]
 [   9    8   71   28 4855    3    9    3    2    1    5    0    0    6]
 [ 101    1    0    2    6 4805   41   22    0    4    3    1    8    6]
 [  58   51    5    1   10   19 4771   59    7    2    1    1    3   12]
 [   3    1    0    1    2    4   40 4929   10    4    2    1    1    2]
 [   1    2    0    2    2    0   10   21 4960    0    0    1    1    0]
 [  12    0    0    4    4    9    7   20    1 4849   90    3    1    0]
 [  20    0    5    2    8    5    2    6    0   66 4879    0    0    7]
 [   6    0   11    0    0    1    0    0    0    1    1 4946   15   19]
 [  13    3    8    1    1    1    2    0    1    1    1   27 4888   53]
 [  38   12   19    1    9    4    8    1    1    3    3   14   25 4862]]
('Model params: 0.234M', 'Model buffers: 0.000M', 'Model size: 0.893MB')

*******************************************

MODEL: MLPSwiGLU
DATASET: dbpedia
VOCAB_SIZE: 4096
EMBED_DIM: 128
FORWARD_EXPANSION: 2
MAX_LENGTH: 512
LAYERS: 1
REDUCED_EMBEDDING_DIM: 16
LR: 0.01
EPOCHS: 6

average eval loss: 0.09730807976913
Accuracy: 0.9719428571428571
F1 (micro): 0.9719428571428571
Precision (micro): 0.9719428571428571
Recall (micro): 0.9719428571428571
MCC: 0.9697872943457887
Confusion matrix:
 [[4698   46    9    2    8   74   78    8    5    7    4    9    9   43]
 [  43 4877    2    0    9    6   53    1    1    0    0    0    1    7]
 [  17    4 4772   22  100    4    5    1    1    3    1   14    9   47]
 [   2    2   40 4904   37    6    1    2    0    5    0    0    0    1]
 [  10    5  106   24 4820   14    9    1    0    2    2    0    1    6]
 [  46    1    3    0    5 4882   34    3    0    7    0    3    5   11]
 [  63   34    1    1    7   32 4805   31   11    3    2    0    1    9]
 [  13    4    1    1    2    9   49 4888   11   10   11    0    0    1]
 [   4    1    0    0    1    0   20   11 4961    0    1    1    0    0]
 [   5    0    1    4    1    5    4    9    0 4908   57    0    0    6]
 [  18    0    1    2    2    5    2    6    0  121 4842    0    0    1]
 [   8    0   12    0    0    2    4    2    0    0    0 4936   20   16]
 [  17    3   12    0    0    2    1    2    2    2    0   19 4898   42]
 [  48    9   32    1    6   14   10    1    0    2    2    7   23 4845]]
('Model params: 0.234M', 'Model buffers: 0.000M', 'Model size: 0.893MB')

*******************************************

