MODEL: BERT_efficient
DATASET: dbpedia
VOCAB_SIZE: 4096
EMBED_DIM: 128
FORWARD_EXPANSION: 2
MAX_LENGTH: 512
LAYERS: 1
REDUCED_EMBEDDING_DIM: 16
LR: 0.01
EPOCHS: 6

average eval loss: 0.05997821994806245
Accuracy: 0.9826285714285714
F1 (micro): 0.9826285714285714
Precision (micro): 0.9826285714285714
Recall (micro): 0.9826285714285714
MCC: 0.981293468638652
Confusion matrix:
 [[4810   43    9    7    4   27   47    3    4    4    1    4    5   32]
 [  46 4920    2    0    2    0   25    0    1    0    0    0    1    3]
 [  15    1 4865   28   58    0    3    0    1    1    0    7    4   17]
 [   4    1   17 4961   14    1    0    0    0    1    0    0    0    1]
 [   8    4   93   21 4866    1    5    0    1    0    0    0    0    1]
 [  46    0    1    1    2 4930   12    1    0    2    0    0    3    2]
 [  54   34    5    1    4   14 4844   20   14    3    0    0    1    6]
 [   6    1    1    0    1    0   23 4947   13    3    3    0    0    2]
 [   0    0    0    0    1    0    3    8 4987    0    0    1    0    0]
 [   4    0    1    1    1    2    1    1    0 4941   46    0    1    1]
 [  15    0    0    2    0    4    0    1    0   48 4929    0    0    1]
 [   3    0    8    1    0    0    0    0    0    0    0 4951   24   13]
 [  14    1    4    0    0    1    1    0    0    0    0   13 4932   34]
 [  39    7   18    1    0    1    5    0    0    1    0    6   21 4901]]
('Model params: 0.691M', 'Model buffers: 0.000M', 'Model size: 2.635MB')

*******************************************

MODEL: BERT_efficient
DATASET: dbpedia
VOCAB_SIZE: 4096
EMBED_DIM: 128
FORWARD_EXPANSION: 2
MAX_LENGTH: 512
LAYERS: 1
REDUCED_EMBEDDING_DIM: 16
LR: 0.01
EPOCHS: 6

average eval loss: 0.06495170232008828
Accuracy: 0.9813714285714286
F1 (micro): 0.9813714285714286
Precision (micro): 0.9813714285714286
Recall (micro): 0.9813714285714286
MCC: 0.9799411291356803
Confusion matrix:
 [[4786   42   10    3    4   52   50    5    3    6    2    5    1   31]
 [  46 4919    0    1    2    0   26    0    1    0    1    0    0    4]
 [  18    1 4873   17   55    2    5    0    1    1    0   11    2   14]
 [   3    2   29 4939   19    3    1    1    1    1    0    1    0    0]
 [   9    3  102   12 4861    4    4    0    1    0    0    0    0    4]
 [  29    1    0    0    2 4955    8    1    0    1    0    0    2    1]
 [  49   36    1    0    7   23 4858   11    6    3    0    1    0    5]
 [  10    3    0    0    0    5   53 4900   22    3    3    1    0    0]
 [   1    1    0    0    1    0    7    4 4986    0    0    0    0    0]
 [   3    0    0    1    0    7    2    2    0 4930   54    0    0    1]
 [  14    0    0    0    0    4    1    0    0   47 4934    0    0    0]
 [   4    0    8    1    0    1    0    0    0    0    0 4971    5   10]
 [  16    2    6    0    0    4    1    0    0    0    0   30 4896   45]
 [  41   10   20    1    0    5    4    1    0    1    1   13   15 4888]]
('Model params: 0.691M', 'Model buffers: 0.000M', 'Model size: 2.635MB')

*******************************************

MODEL: BERT_efficient
DATASET: dbpedia
VOCAB_SIZE: 4096
EMBED_DIM: 128
FORWARD_EXPANSION: 2
MAX_LENGTH: 512
LAYERS: 1
REDUCED_EMBEDDING_DIM: 16
LR: 0.01
EPOCHS: 6

average eval loss: 0.0642943219764713
Accuracy: 0.9817428571428571
F1 (micro): 0.9817428571428571
Precision (micro): 0.9817428571428571
Recall (micro): 0.9817428571428571
MCC: 0.9803422131321488
Confusion matrix:
 [[4792   35   10    8    5   46   53    5    3    1    8    3    3   28]
 [  51 4911    1    1    6    1   25    0    1    0    0    0    1    2]
 [  10    0 4886   13   62    2    5    0    0    1    1    7    1   12]
 [   1    1   31 4942   18    1    1    1    0    2    1    0    0    1]
 [   9    3   87   17 4877    1    3    1    0    1    0    0    0    1]
 [  25    0    3    0    2 4953   12    1    0    0    0    0    3    1]
 [  58   29    6    2    4   18 4851   25    5    0    0    1    0    1]
 [   3    1    1    1    0    0   25 4957    8    2    1    0    0    1]
 [   0    0    0    0    1    0    5   11 4983    0    0    0    0    0]
 [   8    0    2    0    1    9    2    3    0 4866  108    0    0    1]
 [  11    0    0    0    0    3    1    0    0   17 4967    0    0    1]
 [   4    0   15    1    0    1    0    1    0    0    0 4950   15   13]
 [  12    1   13    1    1    6    0    0    0    0    2   20 4910   34]
 [  35    6   37    1    5    2    6    1    0    0    3    5   22 4877]]
('Model params: 0.691M', 'Model buffers: 0.000M', 'Model size: 2.635MB')

*******************************************

MODEL: BERT_efficient
DATASET: dbpedia
VOCAB_SIZE: 4096
EMBED_DIM: 128
FORWARD_EXPANSION: 2
MAX_LENGTH: 512
LAYERS: 1
REDUCED_EMBEDDING_DIM: 16
LR: 0.01
EPOCHS: 6

average eval loss: 0.06427268366336768
Accuracy: 0.9813285714285714
F1 (micro): 0.9813285714285714
Precision (micro): 0.9813285714285714
Recall (micro): 0.9813285714285714
MCC: 0.979903014537256
Confusion matrix:
 [[4819   40   14    4    6   27   49    6    2    7    6    3    6   11]
 [  45 4912    1    0    8    0   26    2    1    1    1    1    0    2]
 [  18    1 4864   20   74    2    3    0    0    2    1   10    2    3]
 [   2    1   19 4959   15    0    1    2    0    1    0    0    0    0]
 [   6    4   85   13 4883    1    5    1    0    1    1    0    0    0]
 [  28    0    1    0    2 4951   11    3    0    0    0    0    3    1]
 [  58   22    7    2    3   13 4852   31    7    3    2    0    0    0]
 [   4    1    1    0    0    0   15 4970    6    2    1    0    0    0]
 [   0    0    0    0    2    0    9    7 4982    0    0    0    0    0]
 [   1    0    0    0    0    3    0    2    0 4940   54    0    0    0]
 [  14    0    1    1    0    2    1    0    0   30 4951    0    0    0]
 [   4    0   13    1    0    3    0    1    0    0    0 4960   14    4]
 [  15    0    8    0    0    1    0    0    0    2    3   13 4948   10]
 [ 113   11   78    1    4    5    4    6    0    3    2    8   63 4702]]
('Model params: 0.691M', 'Model buffers: 0.000M', 'Model size: 2.635MB')

*******************************************

MODEL: BERT_efficient
DATASET: dbpedia
VOCAB_SIZE: 4096
EMBED_DIM: 128
FORWARD_EXPANSION: 2
MAX_LENGTH: 512
LAYERS: 1
REDUCED_EMBEDDING_DIM: 16
LR: 0.01
EPOCHS: 6

average eval loss: 0.06004164373721664
Accuracy: 0.9832142857142857
F1 (micro): 0.9832142857142857
Precision (micro): 0.9832142857142857
Recall (micro): 0.9832142857142857
MCC: 0.9819259445826384
Confusion matrix:
 [[4743   52   16    6    7   31   63    9    5    4    2    4   16   42]
 [  33 4941    3    0    2    0   18    0    1    0    0    0    0    2]
 [   7    2 4868   19   60    0    2    0    1    2    2    6    8   23]
 [   1    1   17 4965   13    0    0    2    0    0    0    0    0    1]
 [   2    6   89   14 4881    2    3    0    1    0    0    0    0    2]
 [  24    0    1    1    4 4949    9    4    0    2    0    0    4    2]
 [  40   36    2    1    5   12 4836   44   15    3    1    2    1    2]
 [   1    0    0    0    0    0   16 4968   13    2    0    0    0    0]
 [   0    0    0    0    0    0    2    6 4992    0    0    0    0    0]
 [   0    0    0    0    0    3    0    4    0 4948   44    0    0    1]
 [  12    0    0    1    0    2    1    1    0   42 4937    1    0    3]
 [   2    0   15    1    0    1    0    0    0    0    0 4938   30   13]
 [   3    0    3    0    0    0    1    0    0    0    0   12 4954   27]
 [  17    8   13    1    0    2    3    3    1    0    1    3   43 4905]]
('Model params: 0.691M', 'Model buffers: 0.000M', 'Model size: 2.635MB')

*******************************************

