MODEL: BERT_efficient
DATASET: nlu
VOCAB_SIZE: 4096
EMBED_DIM: 128
FORWARD_EXPANSION: 2
MAX_LENGTH: 512
LAYERS: 1
REDUCED_EMBEDDING_DIM: 16
LR: 0.01
EPOCHS: 5

average eval loss: 0.5141772769746327
Accuracy: 0.8625242718446602
F1 (weighted): 0.8626135247678941
Precision (weighted): 0.865885803617299
Recall (weighted): 0.8625242718446602
MCC: 0.8467211624249603
Confusion matrix:
 [[ 64   0   0   2   2   0   2   1   0  12   2   3   1   0   0   0   0   0]
 [  0  41   0   0   1   0   0   1   1   1   0   0   0   0   0   0   0   0]
 [  1   0 130   0   0   0   1   0   2   0   0   2   0   0   1   0   3   0]
 [  1   0   0  39   2   0   5   0   1   2   0   4   5   0   0   0   1   0]
 [  0   0   0   4  89   0   0   0   1   2   0   0   0   0   0   1   0   0]
 [  0   0   0   0   0  42   0   1   0   5   1   5   0   2   0   0  17   0]
 [  2   0   0   4   0   0 261   0   0   1   3   3   5   1   1   5   0   0]
 [  3   0   0   1   0   0   0  68   0   2   4   3   0   0   0   0   0   0]
 [  0   0   0   2   0   0   1   0  35  10   0   2   0   1   0   0   0   0]
 [  3   0   1   5   1   0   4   0   2 196   0  12   3   0   1   4   1   0]
 [  1   0   0   1   0   0   2   1   0   3 165   3   1   1   0   0   0   0]
 [  3   2   4   7   3   2  10   2   2  31   0 537   1   2  10   4   5   0]
 [  0   0   1   0   1   0   5   0   0   2   0   1  86   0   0   0   1   0]
 [  0   0   1   0   0   1   0   0   0   0   0   2   0  26   0   0   3   1]
 [  0   0   0   0   1   0   0   0   0   4   1   1   0   0  97   0   0   0]
 [  0   1   0   0   0   0   6   0   0   2   1   1   0   0   0  56   0   0]
 [  1   0   0   1   1   9   2   2   0   4   0   4   0   0   0   0 225   0]
 [  0   0   0   0   1   0   0   0   0   0   0   1   0   0   0   0   0  64]]
('Model params: 0.691M', 'Model buffers: 0.000M', 'Model size: 2.637MB')

*******************************************

MODEL: BERT_efficient
DATASET: nlu
VOCAB_SIZE: 4096
EMBED_DIM: 128
FORWARD_EXPANSION: 2
MAX_LENGTH: 512
LAYERS: 1
REDUCED_EMBEDDING_DIM: 16
LR: 0.01
EPOCHS: 5

average eval loss: 0.5179178196759451
Accuracy: 0.8594174757281553
F1 (weighted): 0.8590849855415302
Precision (weighted): 0.8624561603756628
Recall (weighted): 0.8594174757281553
MCC: 0.842739474301681
Confusion matrix:
 [[ 66   0   0   2   2   0   2   0   0   9   2   5   1   0   0   0   0   0]
 [  0  42   0   0   1   0   0   0   0   1   0   1   0   0   0   0   0   0]
 [  1   0 132   0   0   0   0   0   0   0   0   4   0   1   0   0   2   0]
 [  1   0   0  38   2   0   4   0   0   5   1   4   3   0   0   1   1   0]
 [  1   0   0   2  91   0   0   0   0   2   0   0   0   0   0   1   0   0]
 [  0   0   0   0   0  41   1   2   0   6   1   5   0   1   0   0  16   0]
 [  2   0   1   2   0   0 261   0   0   3   2   4   4   1   1   3   2   0]
 [  4   0   0   0   0   0   0  65   0   6   3   2   0   1   0   0   0   0]
 [  1   1   2   0   0   0   0   0  33   7   0   7   0   0   0   0   0   0]
 [  5   0   1   5   1   1   2   0   3 189   2  17   2   0   1   2   2   0]
 [  0   0   0   1   1   0   0   1   0   5 166   3   1   0   0   0   0   0]
 [  4   1   2   4   1   2   9   2   1  37   2 545   0   0  10   1   4   0]
 [  0   0   1   0   0   0   6   0   0   2   0   0  85   0   1   0   2   0]
 [  0   0   1   0   0   1   0   0   0   0   0   2   0  25   0   0   4   1]
 [  1   0   0   0   2   0   1   0   0   4   1   1   0   0  94   0   0   0]
 [  0   1   0   0   0   0   5   0   0   4   0   4   0   0   0  53   0   0]
 [  3   0   0   0   1   8   1   1   0   3   1   8   0   0   0   0 223   0]
 [  0   0   0   0   0   0   1   0   0   0   0   1   0   0   0   0   0  64]]
('Model params: 0.691M', 'Model buffers: 0.000M', 'Model size: 2.637MB')

*******************************************

MODEL: BERT_efficient
DATASET: nlu
VOCAB_SIZE: 4096
EMBED_DIM: 128
FORWARD_EXPANSION: 2
MAX_LENGTH: 512
LAYERS: 1
REDUCED_EMBEDDING_DIM: 16
LR: 0.01
EPOCHS: 5

average eval loss: 0.49605960434391383
Accuracy: 0.8667961165048543
F1 (weighted): 0.8670907551169081
Precision (weighted): 0.8708863461778756
Recall (weighted): 0.8667961165048543
MCC: 0.8518419922603601
Confusion matrix:
 [[ 68   0   0   1   2   1   1   1   0   9   1   3   1   0   1   0   0   0]
 [  0  40   0   3   1   0   0   0   0   1   0   0   0   0   0   0   0   0]
 [  0   0 132   0   1   0   0   0   1   0   0   1   1   0   1   0   3   0]
 [  2   0   0  40   3   2   5   0   0   2   0   2   3   0   0   0   1   0]
 [  1   0   0   2  90   0   0   0   0   2   0   0   0   0   1   1   0   0]
 [  0   0   1   0   0  46   0   0   0   4   2   1   0   2   0   0  17   0]
 [  2   0   0   1   0   1 260   1   0   3   3   3   5   1   1   5   0   0]
 [  4   1   0   1   0   0   0  64   0   3   4   3   0   0   1   0   0   0]
 [  0   1   1   3   0   0   0   0  33   9   0   3   0   0   1   0   0   0]
 [  3   0   2   4   0   2   0   0   2 201   3   8   3   2   1   2   0   0]
 [  1   0   0   1   1   0   1   1   0   4 167   2   0   0   0   0   0   0]
 [  3   1   2   6   1   1   9   4   4  37   1 533   0   1  11   3   7   1]
 [  0   0   1   1   0   0   3   0   2   1   0   2  87   0   0   0   0   0]
 [  0   0   1   0   0   1   0   0   0   0   0   2   0  24   0   0   5   1]
 [  1   0   0   0   1   0   0   0   0   3   1   0   0   0  97   0   1   0]
 [  0   1   0   0   0   0   4   0   0   1   0   1   0   0   0  60   0   0]
 [  1   0   0   1   1   8   0   1   0   3   2   4   1   1   0   0 226   0]
 [  0   0   0   0   0   0   0   0   0   0   0   1   0   0   0   0   1  64]]
('Model params: 0.691M', 'Model buffers: 0.000M', 'Model size: 2.637MB')

*******************************************

MODEL: BERT_efficient
DATASET: nlu
VOCAB_SIZE: 4096
EMBED_DIM: 128
FORWARD_EXPANSION: 2
MAX_LENGTH: 512
LAYERS: 1
REDUCED_EMBEDDING_DIM: 16
LR: 0.01
EPOCHS: 5

average eval loss: 0.5023076690378643
Accuracy: 0.8601941747572815
F1 (weighted): 0.8593639416784906
Precision (weighted): 0.8608440852740821
Recall (weighted): 0.8601941747572815
MCC: 0.8436033406974849
Confusion matrix:
 [[ 63   0   0   3   2   0   2   0   0  12   2   4   1   0   0   0   0   0]
 [  0  42   0   0   1   0   1   0   0   1   0   0   0   0   0   0   0   0]
 [  0   0 130   0   0   0   1   1   0   0   0   3   0   1   1   0   3   0]
 [  1   0   0  37   3   2   5   0   0   2   0   5   2   0   0   1   2   0]
 [  0   0   0   1  89   0   0   0   1   0   0   1   0   0   2   3   0   0]
 [  1   0   1   0   0  44   1   0   1   5   1   5   1   1   0   0  12   0]
 [  2   0   0   3   0   0 261   1   0   2   4   1   3   1   1   6   1   0]
 [  3   1   0   0   0   0   1  65   1   4   3   3   0   0   0   0   0   0]
 [  0   1   0   1   0   0   1   0  33   9   0   5   0   1   0   0   0   0]
 [  4   0   3   7   0   1   1   1   2 184   4  20   2   0   1   2   1   0]
 [  1   0   0   1   0   0   1   1   0   2 167   3   1   0   0   0   1   0]
 [  4   2   3   6   1   1   9   1   1  28   2 544   4   1  11   2   5   0]
 [  0   0   0   1   0   0   3   0   0   2   0   3  88   0   0   0   0   0]
 [  0   0   1   0   0   0   0   0   0   0   0   3   0  24   0   0   5   1]
 [  0   0   0   0   1   0   1   1   0   2   1   1   0   0  97   0   0   0]
 [  0   1   0   0   0   0   5   0   0   0   0   1   0   0   0  60   0   0]
 [  4   0   0   0   1   8   1   0   0   2   0   9   0   1   0   0 223   0]
 [  0   0   0   0   0   0   0   0   0   0   0   1   1   0   0   0   0  64]]
('Model params: 0.691M', 'Model buffers: 0.000M', 'Model size: 2.637MB')

*******************************************

MODEL: BERT_efficient
DATASET: nlu
VOCAB_SIZE: 4096
EMBED_DIM: 128
FORWARD_EXPANSION: 2
MAX_LENGTH: 512
LAYERS: 1
REDUCED_EMBEDDING_DIM: 16
LR: 0.01
EPOCHS: 5

average eval loss: 0.5189211567242941
Accuracy: 0.8679611650485437
F1 (weighted): 0.8675654452023571
Precision (weighted): 0.8704189825370577
Recall (weighted): 0.8679611650485437
MCC: 0.8525698118179573
Confusion matrix:
 [[ 68   0   0   1   3   0   2   0   0   8   1   3   1   0   0   2   0   0]
 [  0  42   0   0   1   0   0   0   0   1   0   0   0   1   0   0   0   0]
 [  0   1 131   0   0   0   0   0   1   2   0   2   0   1   0   0   2   0]
 [  1   0   0  37   2   1   6   0   0   0   0   6   4   1   0   1   1   0]
 [  1   0   0   1  89   0   1   0   0   1   0   2   0   0   0   2   0   0]
 [  0   0   0   0   0  45   1   0   0   4   1   5   1   2   0   0  14   0]
 [  2   1   0   0   0   0 261   0   0   1   5   3   3   1   1   7   1   0]
 [  1   0   0   1   0   0   0  64   0   6   4   4   0   0   0   1   0   0]
 [  0   1   0   0   0   0   1   0  36   7   0   3   0   0   2   0   1   0]
 [  4   0   2   2   0   2   3   1   0 195   3  13   2   0   3   1   2   0]
 [  0   0   0   1   1   0   1   1   0   3 169   2   0   0   0   0   0   0]
 [  2   4   2   5   2   2  10   2   0  27   0 545   1   2  12   3   6   0]
 [  0   0   1   1   0   0   4   0   0   2   0   1  86   0   0   1   1   0]
 [  0   0   1   0   0   2   0   0   0   0   0   0   0  28   0   0   2   1]
 [  1   0   0   0   1   0   0   0   1   2   1   0   0   0  97   0   1   0]
 [  0   1   0   0   0   0   5   0   0   2   0   1   0   0   0  58   0   0]
 [  1   0   0   0   1  11   0   1   0   5   1   5   0   1   3   0 220   0]
 [  0   0   0   0   0   0   0   0   0   0   0   2   0   0   0   0   0  64]]
('Model params: 0.691M', 'Model buffers: 0.000M', 'Model size: 2.637MB')

*******************************************

