Model config for current run:
ModelConfig(model_name='Bert_efficient', embedding_dimension=128, reduced_embedding_dimension=16, number_of_heads=None, max_length=512, forward_expansion=2, num_layers=1, vocab_size=4096)
LR: 0.01
EPOCHS: 10

*******************************************

average eval loss:  0.5294
Accuracy: 0.874
F1: 0.876
Precision: 0.880
Recall: 0.874
MCC: 0.859
Confusion matrix:
 [[ 53   0   0   3   1   0   2   0   0   0   0   0   0   0   0   0   0   0]
 [  0  38   0   1   5   0   0   0   0   1   0   0   0   0   0   0   0   0]
 [  0   0 130   0   2   3   0   1   0   2   1   0   0   0   0   0   0   0]
 [  1   0   0 261   1   6   0   0   0   0   0   1   1   7   0   2   0   7]
 [  0   1   1   0 240   2   0   1   1   4   0   4   1   6   1   2   2   3]
 [  0   0   1   8   4 566   1   3   7   2   1  23   3   5   4   3   1   2]
 [  0   0   1   2   0   1  71   1   0   0   0   3   0   1   0   0   1   0]
 [  1   0   0   0   0   0   0  36   0   0   0   1   1   2   0   0   1   1]
 [  0   1   1   1   1   1   0   0  69   1   0   6   1   4   0   3   0   0]
 [  0   1   0   2   8   0   0   0   1  30   0   3   0   0   0   0   0   1]
 [  0   0   1   0   0   1   0   1   1   0  86   2   0   3   0   0   1   1]
 [  0   0   1   4   3  13   1   0   1   0   0 178   0   6   0   2   3   0]
 [  0   0   0   1   0   1   0   0   4   1   0   1  53   0   0   0   0   0]
 [  0   0   0   3   2   0   0   0   1   0   2   7   0  60   0   0   2   1]
 [  0   0   0   0   0   2   0   1   0   0   0   4   1   2  30   0   0   0]
 [  0   0   0   4   1   2   0   0   3   0   0   7   0   0   0 173   0   0]
 [  0   0   1   0   0   2   1   0   0   0   1   6   0   2   0   1  94   0]
 [  0   0   1   1   2   2   0   0   0   0   1   6   0   0   0   1   0  80]]
('Model params: 0.725M', 'Model buffers: 0.000M', 'Model size: 2.764MB')

*******************************************

average eval loss:  0.5180
Accuracy: 0.874
F1: 0.876
Precision: 0.881
Recall: 0.874
MCC: 0.860
Confusion matrix:
 [[ 52   0   1   4   0   0   2   0   0   0   0   0   0   0   0   0   0   0]
 [  0  41   1   1   1   0   0   0   0   1   0   0   0   0   0   0   0   0]
 [  0   1 131   0   0   3   0   1   0   0   1   1   0   0   0   1   0   0]
 [  0   0   0 263   1   4   0   1   0   0   0   4   1   4   0   5   0   4]
 [  0   1   0   0 241   2   0   1   3   5   0  10   0   0   0   3   2   1]
 [  0   1   0   9   6 562   1   2   6   1   3  29   1   0   4   4   2   3]
 [  0   0   1   8   0   1  65   1   0   0   0   3   0   1   0   0   1   0]
 [  0   0   0   0   1   0   0  38   0   0   0   0   1   1   0   0   1   1]
 [  0   0   2   0   1   0   0   0  73   0   0   6   1   3   0   3   0   0]
 [  0   3   0   1   6   1   0   0   0  31   0   4   0   0   0   0   0   0]
 [  0   0   0   2   0   1   0   1   0   0  85   2   0   3   1   0   1   1]
 [  0   0   0   3   3   8   2   0   2   0   1 181   1   4   2   3   2   0]
 [  0   1   0   1   0   1   0   0   4   0   0   1  52   0   0   0   0   1]
 [  0   0   0   4   1   0   0   1   5   0   0   7   0  57   0   0   2   1]
 [  0   1   0   0   0   1   0   1   1   0   0   3   0   0  31   0   1   1]
 [  0   0   0   3   1   3   0   0   2   0   0   7   1   1   0 172   0   0]
 [  0   0   1   0   0   2   1   0   1   0   0   7   0   2   0   1  93   0]
 [  0   0   0   1   2   3   0   0   1   0   1   3   0   0   1   1   0  81]]
('Model params: 0.725M', 'Model buffers: 0.000M', 'Model size: 2.764MB')

*******************************************

average eval loss:  0.5088
Accuracy: 0.878
F1: 0.879
Precision: 0.882
Recall: 0.878
MCC: 0.864
Confusion matrix:
 [[ 53   0   0   2   1   1   2   0   0   0   0   0   0   0   0   0   0   0]
 [  0  39   0   2   1   0   0   0   0   3   0   0   0   0   0   0   0   0]
 [  0   1 130   1   2   2   0   2   0   0   0   1   0   0   0   0   0   0]
 [  0   0   0 260   1   5   0   0   0   0   1   2   1   6   0   3   0   8]
 [  0   1   3   0 240   1   0   1   1   7   0   8   0   3   0   1   2   1]
 [  1   0   1   8   4 561   1   2   8   1   3  24   1   4   4   7   3   1]
 [  0   0   0   1   0   0  75   1   0   1   0   1   0   1   0   0   1   0]
 [  0   0   0   0   1   0   0  37   0   0   0   0   1   2   0   0   1   1]
 [  0   0   2   1   0   1   1   0  72   0   0   8   1   1   0   2   0   0]
 [  0   0   0   2   7   2   0   0   0  30   0   2   0   0   0   0   0   3]
 [  0   0   0   0   0   0   0   2   0   0  89   1   1   1   0   1   1   1]
 [  0   0   0   4   3   9   1   1   0   2   1 177   0   7   0   5   2   0]
 [  0   0   0   0   1   0   0   0   3   0   0   0  56   0   0   1   0   0]
 [  0   0   0   3   1   3   0   1   2   0   1   2   0  58   0   1   4   2]
 [  0   0   0   0   0   1   0   0   0   1   0   4   0   0  33   0   0   1]
 [  0   0   0   3   1   3   0   0   3   0   0   6   0   0   0 174   0   0]
 [  0   0   2   1   0   3   1   0   0   0   0   6   0   1   0   1  93   0]
 [  0   0   0   1   2   2   0   0   0   0   1   5   0   0   1   1   0  81]]
('Model params: 0.725M', 'Model buffers: 0.000M', 'Model size: 2.764MB')

*******************************************

average eval loss:  0.4861
Accuracy: 0.884
F1: 0.885
Precision: 0.887
Recall: 0.884
MCC: 0.870
Confusion matrix:
 [[ 53   0   1   2   0   2   1   0   0   0   0   0   0   0   0   0   0   0]
 [  0  39   0   2   2   0   0   0   0   2   0   0   0   0   0   0   0   0]
 [  0   1 130   1   2   3   0   1   0   0   0   0   0   0   1   0   0   0]
 [  0   0   0 264   1   7   0   0   1   0   0   3   1   4   1   1   0   4]
 [  0   1   0   2 239   3   0   1   0   3   1   8   2   1   1   3   4   0]
 [  0   1   1   6   7 579   1   2   5   0   2  19   2   0   3   4   2   0]
 [  0   0   0   0   0   1  75   1   0   0   1   1   0   1   0   0   1   0]
 [  0   0   0   0   0   0   0  38   0   0   0   0   0   2   0   0   2   1]
 [  0   0   0   0   0   2   0   0  74   0   0   6   1   4   0   2   0   0]
 [  0   0   0   1   9   3   0   0   0  32   0   1   0   0   0   0   0   0]
 [  0   0   0   1   1   0   0   1   0   0  89   3   0   0   0   0   2   0]
 [  0   0   0   5   2  12   1   0   0   0   1 181   0   4   2   1   3   0]
 [  0   0   0   1   0   1   0   1   4   0   0   1  53   0   0   0   0   0]
 [  0   0   1   3   2   3   0   0   4   0   3   8   0  51   0   0   2   1]
 [  0   0   0   0   2   0   0   2   1   0   0   4   1   0  30   0   0   0]
 [  0   0   0   3   1   2   0   0   2   0   0   8   0   1   0 173   0   0]
 [  0   0   1   0   0   1   2   0   1   0   1   7   0   2   0   0  93   0]
 [  0   0   0   3   2   4   0   0   0   0   0   3   0   0   0   1   0  81]]
('Model params: 0.725M', 'Model buffers: 0.000M', 'Model size: 2.764MB')

*******************************************

average eval loss:  0.5321
Accuracy: 0.869
F1: 0.871
Precision: 0.874
Recall: 0.869
MCC: 0.854
Confusion matrix:
 [[ 52   0   1   3   0   2   1   0   0   0   0   0   0   0   0   0   0   0]
 [  0  37   0   1   4   0   0   0   0   2   0   0   0   0   1   0   0   0]
 [  0   1 130   0   2   2   0   1   0   0   1   1   0   0   1   0   0   0]
 [  0   0   0 263   1   7   1   0   0   1   0   1   1   4   0   1   0   7]
 [  0   1   0   1 236   4   1   1   1   7   2   7   1   3   0   1   1   2]
 [  0   0   0  10   7 569   1   2   1   0   6  27   1   0   4   4   1   1]
 [  0   0   0   4   0   1  72   1   0   0   0   2   0   1   0   0   0   0]
 [  0   0   0   0   0   0   0  36   0   0   0   1   1   4   0   0   1   0]
 [  0   0   2   0   1   2   0   0  69   0   0   7   2   4   0   2   0   0]
 [  0   0   1   2   4   1   0   0   0  34   0   3   0   0   0   0   0   1]
 [  0   0   0   0   0   1   1   2   1   1  87   1   0   1   0   0   1   1]
 [  0   0   0   3   3   7   0   1   3   0   3 176   1   7   2   3   3   0]
 [  0   0   0   0   1   0   1   0   5   0   0   2  51   0   0   0   0   1]
 [  0   0   0   3   1   2   0   3   4   0   2   5   0  50   0   0   6   2]
 [  0   0   0   0   1   1   0   1   1   0   1   6   0   0  28   0   1   0]
 [  0   0   0   2   1   3   0   0   1   0   2   7   0   1   0 171   1   1]
 [  0   0   1   0   0   3   1   1   1   0   1   4   0   0   0   1  95   0]
 [  0   0   0   1   2   1   0   0   0   0   2   5   0   0   0   3   0  80]]
('Model params: 0.725M', 'Model buffers: 0.000M', 'Model size: 2.764MB')

*******************************************

