Model config for current run:
ModelConfig(model_name='BERT_efficient', embedding_dimension=84, reduced_embedding_dimension=None, number_of_heads=2, max_length=256, forward_expansion=2, d_state=None, num_layers=3, vocab_size=2048, learning_rate=0.001)
EPOCHS: 20

*******************************************

average eval loss:  0.7315
Accuracy: 0.871
F1: 0.872
Precision: 0.875
Recall: 0.871
MCC: 0.856
Confusion matrix:
 [[ 63   0   0   1   1   0   0   0   0   0   0   0   0   0   0   0   0   1]
 [  0  33   1   1   3   0   0   0   0   0   0   1   0   0   0   0   0   0]
 [  1   0 134   0   3   2   0   0   0   3   2   0   0   0   0   1   0   0]
 [  4   0   0 256   2   3   3   0   0   0   1   3   3   3   0   5   0   6]
 [  0   1   1   0 214   2   0   0   0   7   0   1   0   0   0   1   3   0]
 [  3   3   0   8   6 549   4   0   4   1   4  29   5   2   6   2   1   1]
 [  0   0   0   2   1   1  61   0   0   0   0   0   0   0   0   0   0   0]
 [  1   0   0   1   0   2   0  31   0   0   1   1   0   2   1   0   2   0]
 [  0   0   1   0   0   2   1   0  68   2   0   2   0   6   0   3   0   0]
 [  0   0   0   0   7   0   0   0   0  43   2   1   1   0   0   1   3   0]
 [  0   0   0   0   2   0   0   0   0   1  85   1   0   0   1   2   1   1]
 [  0   1   0   2   6   8   3   1   0   4   4 204   3   2   5   4   8   3]
 [  0   1   0   1   3   3   0   0   0   0   0   1  73   1   1   2   1   0]
 [  0   0   0   3   3   0   0   1   2   0   0   2   0  54   1   0   1   1]
 [  0   0   0   0   2   1   0   1   0   0   0   3   0   1  29   1   0   1]
 [  0   1   0   2   3   0   2   1   1   0   0   1   1   0   0 167   2   0]
 [  0   0   0   0   2   0   0   0   0   1   1   2   1   0   1   0  93   0]
 [  0   1   0   4   3   3   0   0   2   0   0   0   0   0   0   0   0  83]]
('Model params: 324.594K', 'Model buffers: 0.000K', 'Model size: 1.238MB')

*******************************************

average eval loss:  0.6543
Accuracy: 0.875
F1: 0.876
Precision: 0.880
Recall: 0.875
MCC: 0.861
Confusion matrix:
 [[ 62   0   1   1   0   0   1   0   1   0   0   0   0   0   0   0   0   0]
 [  0  33   1   0   2   0   0   0   0   1   0   1   0   0   0   0   0   1]
 [  1   2 134   2   3   1   0   0   0   1   0   0   1   0   1   0   0   0]
 [  0   0   0 263   0   0   3   0   1   1   3   2   4   2   0   2   0   8]
 [  0   0   3   1 210   1   0   0   1   7   0   2   1   0   0   1   1   2]
 [  1   4   4  18   2 542   4   1  10   2   4  20   5   2   1   4   3   1]
 [  0   1   0   3   0   1  59   0   0   0   1   0   0   0   0   0   0   0]
 [  0   0   0   1   0   1   1  35   0   0   0   1   0   3   0   0   0   0]
 [  1   0   1   1   1   1   0   0  70   0   0   4   0   6   0   0   0   0]
 [  0   0   1   1   4   0   0   0   2  45   0   2   0   0   0   3   0   0]
 [  0   0   0   1   0   1   2   0   0   0  83   2   0   1   0   2   2   0]
 [  1   0   0   6   2   8   2   0  11   3   2 208   2   6   1   3   1   2]
 [  0   0   0   2   1   3   0   0   3   0   0   1  74   0   0   3   0   0]
 [  0   0   1   2   1   0   0   0   2   0   0   3   1  56   0   0   1   1]
 [  0   0   0   1   0   1   0   1   0   0   1   3   0   1  30   0   0   1]
 [  0   0   0   2   1   2   0   0   2   0   1   1   3   0   0 166   3   0]
 [  0   0   0   2   0   0   0   0   0   0   0   2   0   1   0   1  95   0]
 [  0   1   0   4   0   0   0   0   3   2   1   0   0   0   0   0   0  85]]
('Model params: 324.594K', 'Model buffers: 0.000K', 'Model size: 1.238MB')

*******************************************

average eval loss:  0.7300
Accuracy: 0.872
F1: 0.873
Precision: 0.878
Recall: 0.872
MCC: 0.857
Confusion matrix:
 [[ 64   0   0   0   0   0   1   0   0   0   0   0   0   0   1   0   0   0]
 [  0  31   1   1   4   0   1   0   0   0   0   0   0   0   0   1   0   0]
 [  1   0 138   0   1   3   0   1   1   0   0   1   0   0   0   0   0   0]
 [  3   0   1 261   0   1   2   0   2   0   1   4   3   3   0   3   0   5]
 [  0   0   2   2 210   3   0   1   0   8   0   2   0   0   0   1   1   0]
 [  3   4   2  12   3 540   2   0   7   1   3  39   2   2   1   3   1   3]
 [  0   0   0   4   0   1  59   0   0   0   0   1   0   0   0   0   0   0]
 [  1   0   3   1   0   0   0  31   0   0   0   2   0   1   2   0   0   1]
 [  0   0   0   0   0   1   1   0  67   1   0   9   0   5   1   0   0   0]
 [  0   0   1   0   6   0   0   0   0  43   0   3   1   1   0   3   0   0]
 [  0   0   0   0   0   1   1   0   0   2  78   6   0   4   0   2   0   0]
 [  0   0   0   2   4   5   1   0   5   4   1 218   3   4   4   3   1   3]
 [  0   0   0   1   1   2   1   0   1   0   1   3  74   0   0   3   0   0]
 [  0   0   1   2   1   1   0   1   1   1   1   2   0  56   0   0   1   0]
 [  0   0   0   0   0   1   0   1   0   1   1   4   0   0  30   1   0   0]
 [  1   0   1   3   0   1   0   0   1   1   0   3   2   0   0 165   2   1]
 [  0   1   0   1   2   0   0   0   0   1   2   2   2   3   0   0  87   0]
 [  0   0   0   0   1   1   0   0   2   0   1   0   0   0   0   1   0  90]]
('Model params: 324.594K', 'Model buffers: 0.000K', 'Model size: 1.238MB')

*******************************************

average eval loss:  0.6513
Accuracy: 0.873
F1: 0.875
Precision: 0.881
Recall: 0.873
MCC: 0.858
Confusion matrix:
 [[ 63   1   0   0   0   0   1   0   0   0   0   0   1   0   0   0   0   0]
 [  0  31   1   2   2   0   0   0   0   0   0   1   2   0   0   0   0   0]
 [  0   2 133   0   2   4   0   1   0   2   0   0   0   0   0   0   1   1]
 [  2   0   0 260   1   2   3   0   0   1   0   4   3   4   1   1   1   6]
 [  0   1   0   1 199   2   0   0   1  21   0   3   1   0   0   0   0   1]
 [  2   1   2   6   3 551   4   0   3   5   7  29   3   2   4   3   2   1]
 [  0   0   0   2   0   0  60   0   0   0   0   2   0   1   0   0   0   0]
 [  0   0   0   1   0   2   1  34   0   0   1   1   0   0   1   0   1   0]
 [  0   0   1   1   0   0   1   0  71   3   0   5   0   3   0   0   0   0]
 [  0   1   0   0   5   0   0   0   1  46   0   3   0   0   0   1   0   1]
 [  0   0   0   0   0   0   1   0   0   1  81   3   0   3   2   2   1   0]
 [  0   2   0   3   2  11   3   0   2   4   2 212   4   6   2   2   1   2]
 [  0   0   0   1   0   3   1   0   0   2   1   1  77   1   0   0   0   0]
 [  0   0   1   4   2   0   1   0   2   0   0   4   0  50   0   0   2   2]
 [  0   0   0   0   0   0   0   0   0   0   1   2   1   1  32   0   0   2]
 [  0   0   0   1   3   1   1   0   1   0   0   1   2   0   0 167   2   2]
 [  0   0   0   1   1   1   1   0   0   0   1   3   1   2   0   0  90   0]
 [  0   0   0   3   1   0   0   1   1   1   1   0   0   0   0   0   0  88]]
('Model params: 324.594K', 'Model buffers: 0.000K', 'Model size: 1.238MB')

*******************************************

average eval loss:  0.6581
Accuracy: 0.870
F1: 0.872
Precision: 0.879
Recall: 0.870
MCC: 0.856
Confusion matrix:
 [[ 63   0   0   1   1   0   0   0   0   0   0   1   0   0   0   0   0   0]
 [  0  34   0   0   2   0   0   0   0   1   0   1   0   0   0   0   0   1]
 [  2   2 135   0   2   1   0   0   0   0   0   2   1   0   1   0   0   0]
 [  2   0   0 261   0   0   3   0   1   1   0   4   4   8   1   3   0   1]
 [  0   4   3   1 204   1   0   1   1   8   0   3   0   0   0   2   2   0]
 [  3   2   4   7   1 533   5   1   7   2   7  37   4   6   1   3   4   1]
 [  0   0   0   3   0   0  59   0   1   0   0   1   0   0   0   1   0   0]
 [  0   0   1   2   0   0   1  34   0   0   0   1   0   1   2   0   0   0]
 [  0   0   0   0   0   0   2   0  72   0   0   2   1   8   0   0   0   0]
 [  0   2   0   0   7   1   0   0   1  41   0   4   0   1   0   1   0   0]
 [  0   0   1   1   0   0   3   0   0   1  81   3   1   0   1   2   0   0]
 [  0   0   0   6   2   0   2   0   4   2   1 221   2   6   2   3   3   4]
 [  0   0   0   2   1   2   0   1   4   0   0   0  74   0   0   1   1   1]
 [  0   0   0   5   0   0   0   1   0   0   0   3   0  54   2   0   3   0]
 [  0   1   0   0   0   0   0   2   0   0   0   1   1   0  33   0   1   0]
 [  0   1   1   2   3   1   1   0   1   0   0   2   3   0   0 163   1   2]
 [  0   0   0   2   1   0   0   1   1   0   0   2   0   4   0   1  89   0]
 [  0   0   1   3   0   0   0   0   1   0   0   2   0   0   0   1   1  87]]
('Model params: 324.594K', 'Model buffers: 0.000K', 'Model size: 1.238MB')

*******************************************

**************************************************
==================================================
**************************************************
