Model config for current run:
ModelConfig(model_name='BERT_original', embedding_dimension=80, reduced_embedding_dimension=None, number_of_heads=2, max_length=256, forward_expansion=2, num_layers=2, vocab_size=2048, learning_rate=0.001, pretraining_lr=None)
EPOCHS: 30

*******************************************

average eval loss:  0.6305
Accuracy: 0.854
F1: 0.858
Precision: 0.869
Recall: 0.854
MCC: 0.839
Confusion matrix:
 [[ 59   1   1   0   0   0   2   0   1   0   0   2   0   0   0   0   0   0]
 [  0  31   1   0   0   0   0   0   0   0   0   0   0   0   0   0   0   0]
 [  0   1 140   0   1   0   0   0   1   0   0   1   0   0   0   2   0   1]
 [  3   1   0 249   1   0   7   0   5   2   5   7   1  14   1   4   0   4]
 [  0   4   4   1 231   0   0   1   3  11   0   4   2   1   1   1   1   0]
 [  0   3   3   3   3 518   3   1   6   4  11  45   4   5   3   3   3   0]
 [  1   0   0   0   0   0  55   0   2   0   2   2   0   0   0   0   0   0]
 [  1   0   0   2   0   0   0  29   0   0   0   2   0   3   1   1   0   0]
 [  0   1   0   0   0   1   0   0  62   0   0   8   0   3   0   0   0   0]
 [  0   0   0   0   8   0   0   0   1  49   1   3   1   1   0   1   0   2]
 [  0   0   0   1   0   0   0   0   1   1  99   0   0   0   2   1   0   1]
 [  0   1   2   4   1   5   3   0   7   1   3 218   0   6   1   5   2   2]
 [  0   1   0   1   3   0   0   0   4   0   0   0  68   1   0   0   0   0]
 [  0   0   0   1   3   0   1   0   2   0   0  16   0  52   2   0   1   2]
 [  0   0   0   0   0   0   1   0   0   0   2   2   0   0  31   0   0   1]
 [  0   1   0   3   0   1   0   0   0   0   0   2   0   0   1 139   1   0]
 [  0   0   1   0   0   0   2   0   0   0   0   4   0   4   0   1  76   0]
 [  0   0   0   1   1   0   0   1   0   1   0   0   0   1   0   3   0  91]]
('Model params: 290.178K', 'Model buffers: 0.000K', 'Model size: 1.107MB')

*******************************************

average eval loss:  0.6483
Accuracy: 0.847
F1: 0.851
Precision: 0.864
Recall: 0.847
MCC: 0.830
Confusion matrix:
 [[ 60   1   1   0   1   0   2   0   0   0   0   0   0   1   0   0   0   0]
 [  0  31   0   0   0   1   0   0   0   0   0   0   0   0   0   0   0   0]
 [  0   3 135   2   2   2   0   0   0   0   0   1   0   0   0   1   0   1]
 [  1   3   0 236   2   1  11   2   6   1   0   7   1  15   3   8   4   3]
 [  0   1   0   1 241   0   0   1   3   8   0   3   1   1   3   0   2   0]
 [  0   4   2   3  12 524   5   1   6   3  11  21   1   8  11   3   3   0]
 [  0   0   0   0   0   0  53   0   1   0   3   1   1   0   2   0   1   0]
 [  0   0   0   0   1   0   0  32   0   0   0   0   0   2   1   2   1   0]
 [  0   1   0   1   0   1   1   0  60   0   0   4   0   4   0   2   1   0]
 [  1   1   0   2  15   2   0   2   0  42   0   0   1   0   0   1   0   0]
 [  0   0   0   1   1   0   0   0   1   0  99   1   0   0   1   1   1   0]
 [  1   0   0   0   2   9   4   1   5   0   2 211   3   7   8   3   4   1]
 [  0   2   1   1   0   1   0   0   4   0   1   0  64   1   0   2   0   1]
 [  0   0   0   2   3   0   1   5   1   0   1   8   0  53   6   0   0   0]
 [  0   1   0   1   1   0   1   0   0   0   0   0   1   1  30   0   1   0]
 [  0   1   0   2   0   0   0   1   2   0   0   0   1   0   0 139   2   0]
 [  0   0   0   0   0   0   0   0   2   0   0   0   0   5   0   0  81   0]
 [  0   1   1   0   2   0   0   3   0   0   0   1   0   0   1   3   0  87]]
('Model params: 290.178K', 'Model buffers: 0.000K', 'Model size: 1.107MB')

*******************************************

average eval loss:  0.6303
Accuracy: 0.862
F1: 0.864
Precision: 0.872
Recall: 0.862
MCC: 0.846
Confusion matrix:
 [[ 57   1   0   3   0   0   0   0   2   0   0   2   1   0   0   0   0   0]
 [  0  30   0   0   2   0   0   0   0   0   0   0   0   0   0   0   0   0]
 [  0   2 137   0   3   2   0   0   0   0   1   0   0   0   0   1   0   1]
 [  3   0   0 255   3   1   2   0   5   2   1   1   1  13   2   3   0  12]
 [  0   2   0   0 239   1   0   0   5   9   1   0   0   1   1   1   1   4]
 [  0   0   4   8   8 537   1   1   9   0   7  20   1   7   5   4   4   2]
 [  0   0   1   3   1   0  49   0   1   0   4   1   1   0   0   0   1   0]
 [  0   0   0   0   0   2   0  33   0   0   0   1   0   1   1   1   0   0]
 [  0   0   1   1   1   1   0   0  63   0   0   5   0   1   0   2   0   0]
 [  0   0   1   0  14   0   0   0   1  44   1   2   0   0   0   1   0   3]
 [  0   0   1   0   0   2   0   0   0   0  99   1   0   0   0   1   0   2]
 [  0   0   4   2   2   8   4   2  18   0   1 202   1   5   1   4   7   0]
 [  0   0   0   2   0   0   0   0   4   0   0   1  67   0   0   0   0   4]
 [  0   0   0   4   2   0   0   0   4   0   0   7   1  57   0   0   0   5]
 [  0   0   0   0   0   0   0   0   0   0   0   1   0   1  33   0   1   1]
 [  0   0   0   1   0   0   0   1   0   0   0   2   0   0   0 141   1   2]
 [  0   0   0   0   0   0   0   0   2   0   0   1   1   5   0   1  78   0]
 [  0   0   1   0   0   0   0   2   0   0   0   0   0   0   0   1   0  95]]
('Model params: 290.178K', 'Model buffers: 0.000K', 'Model size: 1.107MB')

*******************************************

average eval loss:  0.5597
Accuracy: 0.862
F1: 0.864
Precision: 0.873
Recall: 0.862
MCC: 0.847
Confusion matrix:
 [[ 58   1   0   1   1   0   2   0   1   0   0   0   1   0   0   0   0   1]
 [  0  31   1   0   0   0   0   0   0   0   0   0   0   0   0   0   0   0]
 [  0   4 136   0   2   0   0   0   0   0   1   0   1   1   2   0   0   0]
 [  2   0   0 256   3   3   7   0   1   2   1   6   1  11   1   0   1   9]
 [  0   4   0   1 235   1   0   2   2  11   0   3   1   0   0   0   3   2]
 [  0   4   1   6   8 519   5   0   5   4   7  31   4   7   4   1   4   8]
 [  0   0   0   1   0   0  55   0   0   0   2   3   0   0   0   0   1   0]
 [  0   0   0   0   2   0   0  33   0   0   0   1   1   0   1   1   0   0]
 [  0   0   0   1   3   0   0   0  56   1   1   7   0   4   1   1   0   0]
 [  0   1   0   0  10   2   0   0   0  47   0   2   0   3   0   2   0   0]
 [  0   0   0   1   1   1   0   0   0   0  98   0   0   1   2   2   0   0]
 [  0   0   2   3   1   3   8   0   4   1   1 223   3   6   1   3   1   1]
 [  0   1   0   0   1   1   1   0   3   0   0   0  71   0   0   0   0   0]
 [  0   1   0   2   1   1   0   3   2   0   0   8   1  59   0   0   0   2]
 [  0   0   0   0   0   0   1   0   1   0   0   3   0   0  32   0   0   0]
 [  0   0   0   1   0   1   0   0   1   1   0   4   0   0   1 136   0   3]
 [  0   0   0   1   1   0   0   0   1   0   0   2   0   3   0   0  80   0]
 [  0   0   1   0   1   0   0   2   0   0   0   0   0   0   0   2   1  92]]
('Model params: 290.178K', 'Model buffers: 0.000K', 'Model size: 1.107MB')

*******************************************

**************************************************
==================================================
**************************************************
