Model config for current run:
ModelConfig(model_name='Nano_Bert_Efficient', embedding_dimension=64, reduced_embedding_dimension=16, number_of_heads=None, max_length=512, forward_expansion=2, num_layers=2, vocab_size=4096)
LR: 0.005
EPOCHS: 10

*******************************************

average eval loss:  0.0652
Accuracy: 0.983
F1: 0.983
Precision: 0.983
Recall: 0.983
MCC: 0.981
Confusion matrix:
 [[4835   32   10    2    6   23   40    5    1    5    2    7    5   27]
 [  59 4892    0    0    5    2   29    2    2    0    1    0    3    5]
 [  14    2 4889   12   51    0    6    1    1    2    0    9    4    9]
 [   3    1   29 4938   12    3    0    3    0    7    2    0    1    1]
 [   5    4   84   18 4877    3    3    0    0    2    1    0    1    2]
 [  61    1    1    0    1 4915   10    2    0    4    0    1    1    3]
 [  70   26    1    0    4    9 4852   24    3    0    2    0    3    6]
 [   4    2    0    0    1    4   26 4954    6    1    2    0    0    0]
 [   2    4    1    0    1    0    8   12 4969    1    0    0    2    0]
 [   0    0    0    0    0    3    2    4    0 4963   27    1    0    0]
 [  13    0    1    0    0    1    0    0    0   59 4923    1    1    1]
 [   1    0   10    1    0    0    1    1    0    2    1 4963   14    6]
 [   5    0    8    0    0    2    0    0    0    0    1   17 4943   24]
 [  51    5   20    0    2    1    2    1    0    2    2   12   39 4863]]
('Model params: 0.167M', 'Model buffers: 0.000M', 'Model size: 0.638MB')

*******************************************

average eval loss:  0.0662
Accuracy: 0.982
F1: 0.982
Precision: 0.982
Recall: 0.982
MCC: 0.980
Confusion matrix:
 [[4791   43   15    1    8   18   64    4    1    5    2    5   10   33]
 [  42 4918    2    0    2    1   25    1    1    0    2    0    1    5]
 [  16    3 4874   19   53    0    3    0    0    0    0    6   11   15]
 [   2    1   28 4954    5    0    3    2    0    5    0    0    0    0]
 [   5    8   94   16 4863    1    7    1    0    1    1    0    0    3]
 [  62    3    3    1    1 4907   14    2    0    1    0    0    5    1]
 [  45   36    1    1    3    9 4870   23    1    2    0    0    2    7]
 [   3    4    2    0    0    1   20 4963    3    2    1    0    0    1]
 [   2   10    2    0    0    0   16   11 4958    0    0    0    1    0]
 [   4    0    0    0    0    0    0    4    0 4974   18    0    0    0]
 [  18    0    1    0    0    1    2    3    0   69 4902    1    0    3]
 [  11    0   18    1    0    0    1    1    0    1    0 4937   16   14]
 [  11    0    6    0    0    0    0    0    0    1    0   16 4944   22]
 [  49    2   24    0    3    1    6    1    0    0    1    4   44 4865]]
('Model params: 0.167M', 'Model buffers: 0.000M', 'Model size: 0.638MB')

*******************************************

average eval loss:  0.0655
Accuracy: 0.982
F1: 0.982
Precision: 0.982
Recall: 0.982
MCC: 0.981
Confusion matrix:
 [[4723   55   24    2   12   38   45   18    3   15    2   12   11   40]
 [  30 4923    2    0    4    0   29    0    2    3    0    1    1    5]
 [  11    2 4871   13   51    2    1    2    1    2    0   12   12   20]
 [   2    1   23 4950   14    1    2    3    0    3    0    0    0    1]
 [   3    5  102    9 4865    2    5    1    3    2    0    0    0    3]
 [  20    0    0    1    2 4962    7    3    0    1    0    2    1    1]
 [  47   31    1    0    3   21 4845   34   10    3    0    1    1    3]
 [   1    1    1    0    0    1   10 4967    9    6    2    2    0    0]
 [   0    0    1    0    0    0    9    9 4979    0    0    1    1    0]
 [   0    0    0    0    0    2    0    0    0 4978   20    0    0    0]
 [   9    1    0    0    1    2    2    2    0   88 4893    1    0    1]
 [   1    0   11    0    0    1    0    0    0    1    0 4972    7    7]
 [   5    1    5    0    0    4    0    0    0    3    0   21 4931   30]
 [  28    5   17    0    4    0    4    2    0    4    1   25   28 4882]]
('Model params: 0.167M', 'Model buffers: 0.000M', 'Model size: 0.638MB')

*******************************************

average eval loss:  0.0649
Accuracy: 0.983
F1: 0.983
Precision: 0.983
Recall: 0.983
MCC: 0.981
Confusion matrix:
 [[4751   35    7    2   12   53   62    9    2    2    3    9    4   49]
 [  60 4879    0    0    7    3   46    0    1    0    1    0    0    3]
 [  29    1 4820   13   81    1    4    0    0    0    1   15   12   23]
 [   1    1   22 4948   21    1    3    2    0    0    0    0    0    1]
 [   7    2   75    6 4897    3    5    1    0    0    2    0    0    2]
 [  14    0    0    0    0 4963    9    7    0    1    1    1    1    3]
 [  46   19    2    0    2   18 4869   31    2    1    0    1    1    8]
 [   1    0    1    0    0    0   12 4976    5    2    2    1    0    0]
 [   1    2    0    0    1    0   14   12 4969    0    0    1    0    0]
 [   1    0    0    0    0    3    2    4    0 4937   51    1    0    1]
 [  12    0    0    0    1    5    0    1    0   15 4966    0    0    0]
 [   5    0   14    1    0    1    0    1    0    0    0 4957   10   11]
 [   8    0    3    0    0    2    1    0    0    0    1   21 4928   36]
 [  21    3    8    0    0    5    5    4    1    0    2    9   21 4921]]
('Model params: 0.167M', 'Model buffers: 0.000M', 'Model size: 0.638MB')

*******************************************

average eval loss:  0.0634
Accuracy: 0.983
F1: 0.983
Precision: 0.983
Recall: 0.983
MCC: 0.982
Confusion matrix:
 [[4783   44   12    3    5   21   63    9    2    3    2    7    9   37]
 [  46 4918    2    0    2    1   24    1    2    1    0    0    0    3]
 [  23    3 4847   26   61    0    3    1    1    1    1   10   10   13]
 [   3    1   22 4957   12    1    1    1    0    1    0    0    1    0]
 [   4    6   66   20 4884    3    7    2    2    4    1    0    1    0]
 [  56    1    0    1    1 4926    8    2    0    0    0    0    3    2]
 [  57   26    1    0    4   12 4862   26    5    2    1    1    1    2]
 [   3    2    1    0    0    0   17 4962    8    2    1    1    1    2]
 [   0    1    1    0    0    0    5   11 4981    0    0    1    0    0]
 [   2    0    0    0    0    2    2    2    0 4956   36    0    0    0]
 [  15    0    2    0    0    1    1    4    0   35 4940    0    0    2]
 [   5    0    9    1    0    2    1    0    0    0    0 4960   14    8]
 [   9    1    5    0    1    1    0    0    0    1    2   13 4936   31]
 [  34    4   15    0    1    1    3    1    0    1    1    6   30 4903]]
('Model params: 0.167M', 'Model buffers: 0.000M', 'Model size: 0.638MB')

*******************************************

**************************************************
==================================================
**************************************************
