Model config for current run:
ModelConfig(model_name='Nano_Bert_Efficient', embedding_dimension=128, reduced_embedding_dimension=16, number_of_heads=None, max_length=256, forward_expansion=0.7, num_layers=4, vocab_size=8192, learning_rate=0.001, pretraining_lr=None)
EPOCHS: 30

*******************************************

average eval loss:  0.6697
Accuracy: 0.856
F1: 0.858
Precision: 0.864
Recall: 0.856
MCC: 0.840
Confusion matrix:
 [[ 51   0   0   2   0   1   0   0   0   0   0   1   0   2   0   0   0   0]
 [  0  43   0   1   2   0   0   0   0   0   0   0   0   0   0   1   0   0]
 [  0   1 129   1   4   3   1   1   0   1   2   0   0   0   1   0   0   0]
 [  1   0   0 245   1   6   7   0   1   1   1   1   1   5   1   3   0   1]
 [  0   0   1   1 234   2   2   1   5  13   1   3   0   3   2   1   0   2]
 [  1   1   1   7   6 518   2   1  10   1   3  25   4   3  10   8   4   3]
 [  1   0   1   1   0   0  72   0   0   1   0   3   0   0   0   0   2   0]
 [  0   0   0   1   0   0   0  38   0   1   0   4   0   2   1   1   0   0]
 [  0   0   0   3   2   2   1   0  60   0   0   7   1   0   0   1   1   0]
 [  0   0   0   1   8   2   0   0   0  48   1   1   0   1   0   0   1   1]
 [  1   0   0   1   1   0   3   0   0   0  88   0   0   1   3   0   0   0]
 [  0   0   0   5   4   8   6   2   5   3   6 195   2   6   7   4   2   0]
 [  0   0   0   0   0   1   0   1   4   0   0   0  61   0   1   3   3   0]
 [  0   0   0   1   0   2   0   0   1   0   0   4   0  49   0   1   0   0]
 [  0   0   0   0   1   0   0   1   0   0   1   1   0   1  43   0   0   0]
 [  0   0   0   0   2   2   1   0   2   0   2   3   0   0   1 168   1   0]
 [  0   0   1   1   1   0   1   0   1   0   3   1   0   1   0   0  75   1]
 [  0   1   0   6   1   1   0   0   1   1   0   0   0   2   0   0   0  85]]
('Model params: 368.118K', 'Model buffers: 0.000K', 'Model size: 1.404MB')

*******************************************

average eval loss:  0.7224
Accuracy: 0.853
F1: 0.855
Precision: 0.861
Recall: 0.853
MCC: 0.838
Confusion matrix:
 [[ 53   0   1   1   0   0   1   0   0   0   1   0   0   0   0   0   0   0]
 [  2  43   1   0   0   0   0   0   0   0   0   0   0   1   0   0   0   0]
 [  0   1 131   1   4   0   0   1   1   0   2   0   1   1   0   0   1   0]
 [  3   0   0 241   1   2   6   1   1   0   3   1   2   4   0   6   0   4]
 [  0   0   0   2 244   1   0   0   5   9   0   2   0   2   1   4   0   1]
 [  1   3   3   7   7 509   3   1  10   3   7  25   5   5   6   8   5   0]
 [  1   2   0   2   1   1  64   0   0   2   3   4   0   0   0   0   1   0]
 [  0   0   0   0   0   0   0  42   0   0   1   0   0   4   1   0   0   0]
 [  0   1   1   1   1   0   1   0  56   1   2   7   3   1   0   1   2   0]
 [  0   0   0   0   7   0   0   0   2  47   0   3   1   1   0   1   1   1]
 [  0   0   0   2   0   1   0   1   0   0  91   1   0   1   0   1   0   0]
 [  0   1   2   3   7   7   0   2   8   2   4 197   4   1   7   7   1   2]
 [  0   0   0   1   0   0   0   2   2   0   1   2  65   0   0   1   0   0]
 [  0   0   0   5   0   0   0   0   3   0   0   5   0  43   0   1   0   1]
 [  0   1   0   0   1   0   0   0   1   0   0   1   0   1  41   1   1   0]
 [  0   0   1   0   1   1   0   0   2   0   1   6   4   0   0 166   0   0]
 [  3   1   0   2   1   0   0   1   0   0   2   1   0   1   0   1  72   1]
 [  0   0   0   2   1   0   1   1   0   0   1   0   0   1   0   2   0  89]]
('Model params: 368.118K', 'Model buffers: 0.000K', 'Model size: 1.404MB')

*******************************************

average eval loss:  0.6788
Accuracy: 0.844
F1: 0.847
Precision: 0.857
Recall: 0.844
MCC: 0.828
Confusion matrix:
 [[ 51   0   0   2   0   0   2   1   0   0   1   0   0   0   0   0   0   0]
 [  0  43   0   0   1   1   0   0   0   2   0   0   0   0   0   0   0   0]
 [  0   1 134   1   3   0   0   1   0   1   0   0   0   3   0   0   0   0]
 [  3   0   0 234   1   1   9   0   1   2   3   2   3   9   2   3   1   1]
 [  0   2   1   1 236   1   2   0   2  11   0   8   0   2   0   1   2   2]
 [  1   1   3  13   4 499   2   0   8   2   5  30   9  10   6   2   7   6]
 [  0   0   1   1   0   0  74   1   0   0   0   4   0   0   0   0   0   0]
 [  0   1   2   0   1   0   0  39   0   0   1   0   1   2   0   1   0   0]
 [  0   1   1   3   1   1   1   0  53   0   0   4   3   4   2   1   2   1]
 [  0   0   0   2   2   1   0   0   0  51   1   2   1   2   0   1   0   1]
 [  0   0   0   4   0   0   1   0   0   0  86   1   1   1   2   2   0   0]
 [  0   0   1   7   6   5   0   0   3   5   5 194   3   7   6   5   7   1]
 [  0   0   0   0   0   2   0   1   2   0   0   1  63   1   0   2   1   1]
 [  0   0   0   2   0   0   0   0   1   0   2   3   0  48   1   0   1   0]
 [  0   0   1   0   0   0   0   1   0   0   0   3   0   1  37   0   3   2]
 [  1   1   0   4   0   0   0   0   3   0   2   2   2   0   0 165   1   1]
 [  0   0   0   2   0   1   0   0   2   0   0   3   0   2   2   0  74   0]
 [  0   0   1   4   0   0   0   0   0   0   0   1   0   1   1   0   0  90]]
('Model params: 368.118K', 'Model buffers: 0.000K', 'Model size: 1.404MB')

*******************************************

average eval loss:  0.6561
Accuracy: 0.843
F1: 0.846
Precision: 0.856
Recall: 0.843
MCC: 0.826
Confusion matrix:
 [[ 54   0   0   0   0   1   0   0   1   0   0   0   0   0   1   0   0   0]
 [  0  42   2   0   0   1   0   1   0   0   0   1   0   0   0   0   0   0]
 [  0   2 129   0   2   1   0   1   1   0   0   4   0   0   2   1   0   1]
 [  5   0   2 231   2   3   7   1   4   0   3   4   2   5   1   3   1   1]
 [  0   2   2   5 235   1   0   2   3   9   0   5   0   2   1   1   0   3]
 [  3   3   3   9   3 502   7   0   7   3   4  28   7   6  14   1   6   2]
 [  0   0   0   1   0   1  72   0   0   1   0   4   1   0   0   1   0   0]
 [  0   0   0   1   0   0   0  40   0   0   0   3   1   1   1   1   0   0]
 [  0   0   0   1   1   2   1   0  56   1   0   8   1   5   0   1   1   0]
 [  0   1   2   0   7   0   0   0   0  47   0   4   0   1   0   2   0   0]
 [  0   0   0   1   0   1   3   0   0   0  88   2   1   1   1   0   0   0]
 [  0   0   1   0   3   6   1   0   7   5   4 199   2  11  10   1   2   3]
 [  0   1   1   0   0   2   0   0   4   0   0   2  59   1   0   2   1   1]
 [  0   0   1   1   0   1   0   0   0   0   0   1   0  53   0   0   1   0]
 [  0   0   0   1   0   1   0   0   1   0   0   2   0   0  42   1   0   0]
 [  1   0   1   0   0   4   0   0   4   0   1   2   0   0   2 162   0   5]
 [  1   1   0   0   2   0   1   0   1   1   1   4   0   5   0   0  68   1]
 [  0   0   1   5   0   0   0   2   0   0   1   0   0   0   0   0   0  89]]
('Model params: 368.118K', 'Model buffers: 0.000K', 'Model size: 1.404MB')

*******************************************

