Model config for current run:
ModelConfig(model_name='Nano_Bert_Efficient', embedding_dimension=96, reduced_embedding_dimension=16, number_of_heads=None, max_length=256, forward_expansion=0.5, num_layers=2, vocab_size=10450)
LR: 0.005
EPOCHS: 50

*******************************************

average eval loss:  0.6554
Accuracy: 0.862
F1: 0.863
Precision: 0.870
Recall: 0.862
MCC: 0.846
Confusion matrix:
 [[ 59   0   0   2   0   1   0   0   0   0   0   0   0   0   0   0   0   0]
 [  0  41   0   0   0   0   0   0   0   1   0   0   0   0   1   0   0   0]
 [  0   0 112   0   2   0   0   0   0   0   1   1   0   0   1   0   1   1]
 [  0   2   0 243   1   0  13   3   3   0   3   2   2  12   0   1   2   8]
 [  1   3   1   0 239   1   0   0   1  18   0   4   1   0   2   1   0   1]
 [  2   2   2   5   7 538   2   3  12   2   2  11   3   9   0   2   1   4]
 [  0   0   0   3   1   0  79   0   0   0   1   5   0   1   0   0   0   0]
 [  0   0   0   1   0   0   0  38   0   0   0   0   0   2   2   0   0   0]
 [  1   1   0   3   1   3   0   0  74   1   1   1   0   1   2   1   1   2]
 [  0   2   0   1   4   4   0   0   0  33   0   0   1   0   0   0   2   2]
 [  0   0   0   0   2   2   1   0   0   0 105   2   0   1   0   1   0   0]
 [  1   2   4   1   2  17   4   3   8   0   5 152   6   5   5   1   4   1]
 [  0   1   0   1   0   2   0   2   1   0   0   0  54   0   1   2   0   0]
 [  0   0   0   2   0   0   0   1   1   0   1   1   0  55   0   0   1   0]
 [  0   1   0   0   1   0   0   3   0   0   0   3   0   2  32   1   0   0]
 [  0   0   0   0   2   1   1   0   2   3   0   0   1   0   0 182   0   1]
 [  0   0   1   0   0   0   1   1   0   0   1   0   0   1   0   0  99   0]
 [  0   0   0   2   0   3   0   3   3   1   0   0   0   1   1   2   0  81]]
('Model params: 0.242M', 'Model buffers: 0.000M', 'Model size: 0.924MB')

*******************************************

average eval loss:  0.7336
Accuracy: 0.836
F1: 0.841
Precision: 0.856
Recall: 0.836
MCC: 0.820
Confusion matrix:
 [[ 61   0   0   1   0   0   0   0   0   0   0   0   0   0   0   0   0   0]
 [  0  39   0   0   2   0   0   0   0   2   0   0   0   0   0   0   0   0]
 [  0   1 113   0   1   0   0   3   0   0   0   0   0   0   1   0   0   0]
 [  2   1   2 234   1   1   8   2   3   3   3   2   3  16   0   2   4   8]
 [  0   7   3   1 229   0   1   1   2  20   0   3   0   0   0   1   2   3]
 [  4   2   3   8  13 501   9   2   7   6   0  23   5  14   6   2   1   1]
 [  0   1   0   1   1   0  84   0   1   0   0   1   1   0   0   0   0   0]
 [  0   0   0   0   0   1   0  40   0   0   0   1   0   1   0   0   0   0]
 [  0   1   0   3   3   1   2   0  66   1   0   3   4   5   1   2   1   0]
 [  1   1   1   1   5   0   0   0   1  34   0   1   0   1   2   0   0   1]
 [  2   1   0   2   1   0   5   0   2   0  95   1   0   2   0   2   0   1]
 [  0   2   3   2   6   0  11   0   6   4   3 161   5  11   3   2   2   0]
 [  0   0   0   1   1   0   0   1   1   1   0   3  55   0   0   1   0   0]
 [  0   0   1   3   0   0   0   2   1   0   0   6   0  47   1   0   0   1]
 [  1   0   0   0   1   0   2   0   0   0   1   5   0   0  30   0   3   0]
 [  0   0   1   1   0   0   0   0   2   0   0   3   1   4   1 180   0   0]
 [  0   0   1   1   1   0   1   0   0   0   1   3   0   1   0   0  95   0]
 [  0   0   0   2   0   0   1   0   1   1   1   1   0   0   2   1   0  87]]
('Model params: 0.242M', 'Model buffers: 0.000M', 'Model size: 0.924MB')

*******************************************

average eval loss:  0.9369
Accuracy: 0.766
F1: 0.782
Precision: 0.827
Recall: 0.766
MCC: 0.744
Confusion matrix:
 [[ 57   0   0   1   1   0   0   0   0   0   0   3   0   0   0   0   0   0]
 [  0  37   0   0   0   0   0   0   0   4   0   2   0   0   0   0   0   0]
 [  0   2 102   0   2   0   0   1   0   1   0   6   0   1   3   0   1   0]
 [  0   4   1 187   2   0  17   0   2   1   5  47   0  17   2   3   1   6]
 [  0   3   3   0 206   0   1   0   3  32   1  13   0   3   0   3   2   3]
 [  1   6   2   4   3 488  11   3   2   4   7  56   1  10   5   4   0   0]
 [  0   0   0   0   0   1  81   0   0   0   2   6   0   0   0   0   0   0]
 [  0   0   0   0   0   0   1  34   1   1   1   3   0   2   0   0   0   0]
 [  0   1   0   0   0   0   1   0  59   2   5  19   1   3   2   0   0   0]
 [  0   2   0   1   1   0   0   0   1  34   3   5   0   0   1   0   0   1]
 [  0   0   0   0   2   0   1   0   1   0  98   9   0   1   0   1   1   0]
 [  0   0   1   1   2   6   4   2   2   5  15 152   1  13   7   4   4   2]
 [  0   2   0   0   0   0   0   2   0   2   0   8  42   1   4   3   0   0]
 [  0   1   0   4   0   0   1   4   0   2   0  18   0  29   0   0   1   2]
 [  0   1   0   0   0   0   0   1   0   0   0  14   1   2  24   0   0   0]
 [  0   0   0   1   0   0   0   0   3   7   2  10   0   1   1 168   0   0]
 [  0   1   0   0   0   0   1   0   0   2   1   8   0   1   0   1  89   0]
 [  0   1   0   2   0   0   1   1   0   2   1   3   0   1   2   1   0  82]]
('Model params: 0.242M', 'Model buffers: 0.000M', 'Model size: 0.924MB')

*******************************************

average eval loss:  0.6571
Accuracy: 0.833
F1: 0.838
Precision: 0.854
Recall: 0.833
MCC: 0.817
Confusion matrix:
 [[ 59   0   0   1   1   0   0   0   0   0   0   0   1   0   0   0   0   0]
 [  0  40   1   0   0   0   0   0   0   1   0   1   0   0   0   0   0   0]
 [  0   1 111   0   2   0   0   1   0   1   1   0   0   0   0   1   1   0]
 [  1   1   1 243   1   0  12   0   3   0   1   3   0  18   1   2   2   6]
 [  0  10   3   5 217   1   0   0   2  18   0   1   0   2   1   3   2   8]
 [  1   5   2  17   6 499   6   0   7   6   0  19   9   9   4   5   6   6]
 [  0   0   0   4   0   0  80   0   2   0   0   2   0   1   0   0   0   1]
 [  0   0   0   0   0   1   0  38   0   0   0   0   0   2   2   0   0   0]
 [  0   1   0   3   2   0   2   0  72   0   1   1   2   6   1   1   1   0]
 [  0   1   0   3   3   1   0   0   1  37   0   0   1   0   0   0   0   2]
 [  1   0   0   1   0   2   4   0   1   0  96   1   1   3   1   1   0   2]
 [  2   1   2   6   2   3   3   1   5   4   1 163   4   9   6   3   5   1]
 [  0   0   0   1   1   0   0   0   1   1   0   0  54   2   0   2   0   2]
 [  0   0   0   2   0   0   0   1   1   1   1   2   0  49   3   0   2   0]
 [  0   0   0   4   0   0   0   1   0   0   0   4   0   0  32   0   1   1]
 [  0   0   0   3   0   2   0   0   2   1   1   0   4   2   2 174   1   1]
 [  0   0   0   2   0   0   0   0   0   0   0   2   0   1   2   0  96   1]
 [  0   1   0   3   0   0   0   1   0   2   0   1   1   2   0   2   1  83]]
('Model params: 0.242M', 'Model buffers: 0.000M', 'Model size: 0.924MB')

*******************************************

average eval loss:  0.9104
Accuracy: 0.757
F1: 0.768
Precision: 0.804
Recall: 0.757
MCC: 0.735
Confusion matrix:
 [[ 61   1   0   0   0   0   0   0   0   0   0   0   0   0   0   0   0   0]
 [  0  40   0   0   0   0   0   0   0   2   0   1   0   0   0   0   0   0]
 [  0   1 107   0   1   0   1   0   0   2   0   4   0   1   0   1   0   1]
 [  9   1   5 166   1   0   8   1   3   1   4  16   2  38   1  16   0  23]
 [  2  12   1   0 212   1   1   0   0  26   2   6   0   4   0   4   1   1]
 [  2   5   3   8  12 494   7   1   4   4   7  21   1  21   7   8   0   2]
 [  1   0   0   0   0   3  75   0   0   1   2   6   1   1   0   0   0   0]
 [  0   1   0   0   1   0   1  34   0   0   0   1   0   4   1   0   0   0]
 [  0   0   1   2   1   0   1   0  64   0   1   8   1  10   1   3   0   0]
 [  0   1   2   0   2   0   0   0   0  36   0   1   0   0   1   3   0   3]
 [  0   1   2   0   1   0  14   0   0   1  76  14   0   3   1   1   0   0]
 [  6   1   6   3   5  11   6   1   2   7  11 109   1  33  10   3   2   4]
 [  0   1   2   1   1   0   0   0   1   0   0   2  50   3   1   2   0   0]
 [  0   0   0   1   0   0   1   2   0   0   0   5   0  46   1   5   0   1]
 [  0   0   1   1   0   0   1   1   0   0   1   6   1   5  26   0   0   0]
 [  1   1   0   3   0   0   0   0   1   0   1   3   0   4   2 176   0   1]
 [  0   1   0   1   0   0   1   0   0   0   2   3   0   3   1   2  90   0]
 [  0   0   1   1   0   0   0   0   0   1   0   2   0   4   2   1   0  85]]
('Model params: 0.242M', 'Model buffers: 0.000M', 'Model size: 0.924MB')

*******************************************

**************************************************
==================================================
**************************************************
