Model config for current run:
ModelConfig(model_name='Nano_Bert_Efficient', embedding_dimension=128, reduced_embedding_dimension=16, number_of_heads=None, max_length=512, forward_expansion=2, num_layers=1, vocab_size=4096)
LR: 0.01
EPOCHS: 10

*******************************************

average eval loss:  0.5287
Accuracy: 0.865
F1: 0.866
Precision: 0.868
Recall: 0.865
MCC: 0.849
Confusion matrix:
 [[ 52   0   0   4   1   2   0   0   0   0   0   0   0   0   0   0   0   0]
 [  0  34   0   2   6   2   0   0   0   1   0   0   0   0   0   0   0   0]
 [  0   1 130   0   3   2   0   1   0   0   1   1   0   0   0   0   0   0]
 [  0   0   0 260   0   6   1   1   1   0   1   1   5   3   1   2   0   5]
 [  0   1   5   1 239   2   0   1   0   8   0   4   1   0   1   2   2   2]
 [  0   0   3   6   3 568   3   2   5   0   6  21   4   3   3   5   1   1]
 [  0   0   0   2   0   1  71   1   0   0   2   2   0   1   0   0   1   0]
 [  0   0   0   0   1   0   0  37   0   0   1   0   1   1   0   0   1   1]
 [  0   0   2   3   0   5   0   0  63   0   0   8   4   1   0   2   0   1]
 [  0   0   1   1   4   3   0   0   0  35   0   1   0   0   0   0   0   1]
 [  0   0   1   1   0   0   0   1   0   0  89   3   0   1   0   0   1   0]
 [  0   0   1   2   2  11   3   0   1   1   4 171   3   5   2   3   2   1]
 [  0   0   0   4   1   2   0   0   1   0   0   2  50   0   0   1   0   0]
 [  0   0   0   5   1   4   0   1   3   1   2   5   0  51   0   0   3   2]
 [  0   0   0   2   0   0   0   0   1   1   1   3   1   1  29   0   1   0]
 [  0   0   1   3   2   1   0   0   1   0   0   9   1   1   0 171   0   0]
 [  0   0   1   1   0   3   1   0   0   1   0   4   0   1   1   0  95   0]
 [  0   0   0   1   2   3   0   0   0   0   1   4   0   0   1   1   0  81]]
('Model params: 0.268M', 'Model buffers: 0.000M', 'Model size: 1.022MB')

*******************************************

average eval loss:  0.5613
Accuracy: 0.849
F1: 0.850
Precision: 0.853
Recall: 0.849
MCC: 0.830
Confusion matrix:
 [[ 52   0   0   4   1   2   0   0   0   0   0   0   0   0   0   0   0   0]
 [  0  36   0   2   3   2   0   0   0   1   0   0   0   0   0   0   1   0]
 [  0   1 127   0   2   6   0   1   1   0   0   0   0   1   0   0   0   0]
 [  0   0   0 256   1  11   0   0   2   0   0   2   2   2   0   1   0  10]
 [  0   2   0   1 222   9   2   2   3   6   0   9   0   2   1   0   1   9]
 [  0   2   3   6   3 573   0   1   8   3   2  18   3   2   5   0   4   1]
 [  0   0   0   6   0   3  66   0   0   0   0   4   0   2   0   0   0   0]
 [  0   0   0   0   0   0   0  36   0   0   0   1   1   3   0   0   1   1]
 [  0   0   0   1   1   5   0   0  67   0   0   9   1   1   0   3   0   1]
 [  0   0   2   2   4   3   0   0   1  28   0   3   0   0   0   0   0   3]
 [  0   0   0   3   0   6   0   1   0   0  86   1   0   0   0   0   0   0]
 [  0   0   3   3   1  16   5   0   1   1   1 167   1   6   3   0   2   2]
 [  0   0   0   2   0   1   0   0   2   0   0   1  54   0   0   0   0   1]
 [  0   0   0   6   1   4   0   2   5   0   1   6   0  46   0   0   4   3]
 [  0   0   0   1   0   3   0   0   0   0   1   5   0   1  29   0   0   0]
 [  0   0   0   2   1   6   0   0   1   1   0   7   1   1   0 167   1   2]
 [  0   0   1   1   0   7   0   1   1   0   0   6   0   1   0   0  90   0]
 [  0   0   0   2   2   6   0   0   0   0   1   1   0   0   0   0   0  82]]
('Model params: 0.268M', 'Model buffers: 0.000M', 'Model size: 1.022MB')

*******************************************

average eval loss:  0.5474
Accuracy: 0.858
F1: 0.858
Precision: 0.860
Recall: 0.858
MCC: 0.840
Confusion matrix:
 [[ 52   0   0   6   1   0   0   0   0   0   0   0   0   0   0   0   0   0]
 [  0  37   0   1   3   1   0   0   0   2   0   0   0   1   0   0   0   0]
 [  0   1 130   0   2   3   0   1   0   0   2   0   0   0   0   0   0   0]
 [  0   0   1 251   1  11   1   0   0   1   4   2   3   7   0   0   1   4]
 [  0   1   0   3 245   6   0   1   0   4   1   1   2   3   0   0   1   1]
 [  0   1   0   5   4 577   1   1   7   3   6  16   2   2   4   2   2   1]
 [  0   0   0  10   1   2  59   0   0   0   1   8   0   0   0   0   0   0]
 [  0   0   0   0   1   0   0  35   0   0   1   0   0   3   1   0   1   1]
 [  0   0   0   1   1   6   0   0  66   0   2   5   3   3   0   2   0   0]
 [  0   0   0   2   5   2   0   0   0  34   0   1   0   1   0   0   0   1]
 [  0   0   0   0   0   4   0   1   0   1  87   1   0   1   0   0   2   0]
 [  0   1   0   5   2  13   3   0   2   1   4 169   0   6   0   2   1   3]
 [  0   0   0   0   2   4   0   0   4   0   0   0  47   0   0   4   0   0]
 [  0   0   0   7   2   2   0   0   1   1   3   7   1  49   0   0   3   2]
 [  0   0   0   1   0   3   0   2   0   0   1   3   0   0  30   0   0   0]
 [  0   0   0   5   2   3   0   0   2   1   0   4   3   0   0 168   1   1]
 [  0   0   1   0   0   6   0   0   1   0   0   3   0   6   0   1  90   0]
 [  0   0   0   3   1   3   0   0   0   0   0   4   0   0   1   1   1  80]]
('Model params: 0.268M', 'Model buffers: 0.000M', 'Model size: 1.022MB')

*******************************************

average eval loss:  0.5309
Accuracy: 0.857
F1: 0.858
Precision: 0.863
Recall: 0.857
MCC: 0.840
Confusion matrix:
 [[ 50   0   1   4   0   1   2   0   0   0   0   0   0   0   0   1   0   0]
 [  0  34   4   1   5   0   0   0   0   0   0   1   0   0   0   0   0   0]
 [  1   0 129   0   1   2   1   1   0   1   0   2   0   0   0   1   0   0]
 [  2   0   1 262   0   4   2   0   0   0   1   4   1   7   0   2   0   1]
 [  0   1   4   0 231   3   2   1   0  10   0   9   1   1   0   0   2   4]
 [  1   0   5   7   7 562   1   1   4   1   2  32   3   1   1   2   2   2]
 [  0   0   0   3   1   3  69   2   0   0   0   1   0   1   0   0   1   0]
 [  0   0   1   0   0   0   0  33   0   0   1   0   0   4   0   1   1   2]
 [  0   0   0   0   0   3   0   0  68   1   0   8   2   2   0   5   0   0]
 [  0   0   1   3   6   2   0   0   1  29   0   1   0   2   0   0   0   1]
 [  0   0   0   2   0   5   0   1   0   0  84   1   0   2   0   1   1   0]
 [  0   0   4   2   3   6   2   1   0   0   1 181   2   6   0   2   2   0]
 [  0   0   1   0   1   0   1   1   4   0   0   1  51   0   0   1   0   0]
 [  0   0   1   4   1   5   0   1   3   0   1   9   0  49   0   0   2   2]
 [  0   0   4   0   1   3   0   0   0   0   1   6   0   1  24   0   0   0]
 [  0   0   0   2   0   4   0   0   1   0   0   5   0   1   0 177   0   0]
 [  0   0   1   1   0   3   1   0   0   0   0   6   0   2   0   1  93   0]
 [  0   0   2   4   1   3   0   0   0   1   1   2   0   0   0   0   1  79]]
('Model params: 0.268M', 'Model buffers: 0.000M', 'Model size: 1.022MB')

*******************************************

average eval loss:  0.5571
Accuracy: 0.854
F1: 0.854
Precision: 0.856
Recall: 0.854
MCC: 0.836
Confusion matrix:
 [[ 53   0   0   2   1   2   1   0   0   0   0   0   0   0   0   0   0   0]
 [  0  37   0   2   3   2   0   0   0   1   0   0   0   0   0   0   0   0]
 [  0   0 126   1   3   5   0   1   0   0   0   0   0   0   2   1   0   0]
 [  0   0   0 258   0   8   1   0   0   1   3   4   1   3   0   0   0   8]
 [  0   1   3   1 229   8   1   1   0   5   1   6   1   4   0   0   1   7]
 [  0   0   0   4   2 576   1   1   9   1   3  22   3   3   4   0   2   3]
 [  0   0   1   6   0   5  63   1   0   0   1   2   0   1   1   0   0   0]
 [  0   0   0   0   1   3   0  34   0   0   1   1   0   2   0   0   1   0]
 [  0   0   1   1   0   6   0   0  66   0   1   8   2   1   0   2   0   1]
 [  0   0   0   3   6   2   0   0   0  29   0   2   0   1   0   0   0   3]
 [  0   0   0   0   1   2   0   1   0   0  89   2   0   1   0   0   1   0]
 [  0   0   1   2   2  20   3   0   1   1   1 166   1   4   4   1   4   1]
 [  0   0   0   1   0   5   0   1   1   0   0   1  52   0   0   0   0   0]
 [  0   0   0   8   1  12   0   0   0   0   1  11   1  40   0   0   2   2]
 [  0   0   0   0   1   2   0   0   1   0   1   1   0   1  32   0   0   1]
 [  0   0   0   4   1   4   0   0   3   0   0   2   0   1   1 174   0   0]
 [  0   0   0   1   0   4   1   0   0   0   0   5   0   2   1   1  93   0]
 [  0   0   0   3   0   6   0   0   0   0   1   4   0   0   0   1   0  79]]
('Model params: 0.268M', 'Model buffers: 0.000M', 'Model size: 1.022MB')

*******************************************

**************************************************
==================================================
**************************************************
