MODEL: BRAV_2
DATASET: dbpedia
VOCAB_SIZE: 4096
EMBED_DIM: 32
FORWARD_EXPANSION: 4
MAX_LENGTH: 512
LAYERS: 1
REDUCED_EMBEDDING_DIM: 16
LR: 0.003
EPOCHS: 10

average eval loss: 0.07008497418026598
Accuracy: 0.9806285714285714
F1 (weighted): 0.9806380427594775
Precision (weighted): 0.980687220114961
Recall (weighted): 0.9806285714285714
MCC: 0.9791415341109362
Confusion matrix:
 [[4740   27   17    8   10   61   71    3    2    5    4    7    2   43]
 [  53 4883    1    1    8    3   45    2    1    0    0    0    0    3]
 [  13    0 4863   29   75    0    5    0    0    0    0    3    0   12]
 [   0    2   22 4960   14    0    1    0    0    0    1    0    0    0]
 [   8    1   90   23 4866    4    4    2    0    1    1    0    0    0]
 [  26    0    2    0    3 4952   12    1    0    1    0    0    1    2]
 [  44   20    2    1    7   32 4865   18    5    2    0    1    0    3]
 [   2    0    1    0    1    5   35 4948    1    2    1    0    0    4]
 [   2    0    0    0    0    0   13    9 4974    1    0    1    0    0]
 [   4    0    2    1    3    5    4    3    0 4927   50    0    0    1]
 [  12    0    1    0    1    4    3    1    0   45 4932    0    1    0]
 [   3    0   16    1    0    5    0    0    0    0    0 4945   20   10]
 [   8    1   14    3    1    6    1    1    0    0    0   18 4898   49]
 [  36    4   32    1    2    8    6    1    0    3    1    5   10 4891]]
('Model params: 0.173M', 'Model buffers: 0.000M', 'Model size: 0.660MB')

*******************************************

MODEL: BRAV_2
DATASET: dbpedia
VOCAB_SIZE: 4096
EMBED_DIM: 32
FORWARD_EXPANSION: 4
MAX_LENGTH: 512
LAYERS: 1
REDUCED_EMBEDDING_DIM: 16
LR: 0.003
EPOCHS: 10

average eval loss: 0.06895873316948241
Accuracy: 0.9813285714285714
F1 (weighted): 0.9813326196672759
Precision (weighted): 0.9813669851509151
Recall (weighted): 0.9813285714285714
MCC: 0.9798946439362131
Confusion matrix:
 [[4789   36    3    2    9   32   63    5    1    6    3    5    5   41]
 [  36 4919    0    1    8    1   30    1    1    1    0    0    0    2]
 [  15    1 4805   23   97    1    6    0    1    1    0   13    8   29]
 [   2    1   23 4949   23    0    0    0    0    1    1    0    0    0]
 [   7    3   54   16 4906    2    6    1    0    1    0    0    1    3]
 [  40    0    0    1    6 4927   14    2    0    4    0    1    2    3]
 [  61   35    1    1    9   12 4846   17    6    6    0    1    2    3]
 [   3    1    1    1    3    2   24 4940    9   11    2    0    0    3]
 [   1    1    0    0    1    0    9    7 4981    0    0    0    0    0]
 [   1    0    0    2    2    2    1    3    0 4963   25    0    0    1]
 [  14    1    0    0    1    2    1    1    0   68 4912    0    0    0]
 [   5    0    7    1    0    5    0    0    0    1    0 4955   17    9]
 [  12    1    2    0    2    2    2    0    0    1    0   19 4931   28]
 [  44    6   19    0    3    2    3    0    0    4    0    9   40 4870]]
('Model params: 0.173M', 'Model buffers: 0.000M', 'Model size: 0.660MB')

*******************************************

MODEL: BRAV_2
DATASET: dbpedia
VOCAB_SIZE: 4096
EMBED_DIM: 32
FORWARD_EXPANSION: 4
MAX_LENGTH: 512
LAYERS: 1
REDUCED_EMBEDDING_DIM: 16
LR: 0.003
EPOCHS: 10

average eval loss: 0.06727407252323649
Accuracy: 0.9808142857142857
F1 (weighted): 0.980825996889871
Precision (weighted): 0.9808649251468714
Recall (weighted): 0.9808142857142857
MCC: 0.979340571535377
Confusion matrix:
 [[4770   37    8    1    7   42   71    4    4    3    6    9    9   29]
 [  38 4893    3    0    4    1   55    1    1    0    2    0    0    2]
 [  15    1 4835   15   84    1    8    0    0    0    0   12    6   23]
 [   3    1   58 4902   30    5    0    0    0    0    0    1    0    0]
 [   6    3   89    5 4880    2    8    1    0    1    2    1    0    2]
 [  35    0    2    2    3 4939   15    0    0    0    0    0    3    1]
 [  39   18    2    1    1   15 4883   21   12    2    0    1    1    4]
 [   4    1    1    0    0    1   23 4954   11    3    0    1    0    1]
 [   0    0    0    0    0    0    7    5 4988    0    0    0    0    0]
 [   3    0    1    0    0    2    8    0    0 4934   52    0    0    0]
 [  12    1    0    0    0    4    2    0    0   43 4937    0    0    1]
 [   5    0   12    1    0    5    0    1    0    0    0 4946   13   17]
 [   5    1    2    0    1    1    3    1    0    1    0   25 4934   26]
 [  41    7   30    0    2    3    8    0    0    1    1   11   34 4862]]
('Model params: 0.173M', 'Model buffers: 0.000M', 'Model size: 0.660MB')

*******************************************

MODEL: BRAV_2
DATASET: dbpedia
VOCAB_SIZE: 4096
EMBED_DIM: 32
FORWARD_EXPANSION: 4
MAX_LENGTH: 512
LAYERS: 1
REDUCED_EMBEDDING_DIM: 16
LR: 0.003
EPOCHS: 10

average eval loss: 0.06689012401941691
Accuracy: 0.9814571428571428
F1 (weighted): 0.9814626852681162
Precision (weighted): 0.9814817274274557
Recall (weighted): 0.9814571428571428
MCC: 0.9800318181884635
Confusion matrix:
 [[4769   36   14    4    9   41   64    5    5    4    1    5    4   39]
 [  37 4902    3    1    7    2   44    0    1    0    0    0    0    3]
 [   9    0 4856   21   70    0    5    1    1    1    0   10    6   20]
 [   0    1   33 4947   15    2    1    0    0    0    0    1    0    0]
 [   7    2   98   18 4863    1    8    1    0    1    0    0    0    1]
 [  39    0    3    0    3 4919   25    3    0    2    0    0    3    3]
 [  46   22    2    0    8   18 4861   26    5    3    0    1    3    5]
 [   2    0    0    0    1    0   23 4952   17    4    0    0    0    1]
 [   0    0    0    0    0    0    9    6 4984    0    0    1    0    0]
 [   1    0    1    1    0    3    2    4    0 4958   29    0    0    1]
 [  13    1    2    0    0    1    1    1    0   47 4932    1    0    1]
 [   5    0   12    0    0    1    0    1    0    0    0 4953   12   16]
 [   6    1    5    0    1    2    0    1    0    2    0   22 4928   32]
 [  38    4   25    2    2    3    5    1    0    1    1    9   31 4878]]
('Model params: 0.173M', 'Model buffers: 0.000M', 'Model size: 0.660MB')

*******************************************

MODEL: BRAV_2
DATASET: dbpedia
VOCAB_SIZE: 4096
EMBED_DIM: 32
FORWARD_EXPANSION: 4
MAX_LENGTH: 512
LAYERS: 1
REDUCED_EMBEDDING_DIM: 16
LR: 0.003
EPOCHS: 10

average eval loss: 0.06845356032236988
Accuracy: 0.981
F1 (weighted): 0.9809952686894284
Precision (weighted): 0.981031931370534
Recall (weighted): 0.981
MCC: 0.9795416759474198
Confusion matrix:
 [[4734   35   17    7    4   60   66    4    3    4    3    6    7   50]
 [  44 4911    2    0    4    1   32    1    1    0    0    0    0    4]
 [  17    0 4854   21   59    4    3    0    0    3    1   11    5   22]
 [   2    1   26 4954   12    1    1    1    0    0    0    0    0    2]
 [  12    5  107   22 4838    3    6    1    0    2    0    0    0    4]
 [  26    0    5    0    1 4952   10    0    0    0    0    1    3    2]
 [  48   29    1    1    3   24 4850   26    6    3    0    1    0    8]
 [   4    1    2    1    3    1   18 4958    4    4    0    2    1    1]
 [   3    2    0    0    1    0    6   10 4977    0    0    0    0    1]
 [   2    0    1    0    0    4    0    1    0 4946   46    0    0    0]
 [  13    0    0    0    0    0    2    0    0   56 4927    0    0    2]
 [   4    0    9    0    0    2    1    0    0    0    1 4950   13   20]
 [   9    0    7    0    1    3    1    2    0    0    0   20 4892   65]
 [  27    6   12    0    1    1    3    0    0    0    1    5   17 4927]]
('Model params: 0.173M', 'Model buffers: 0.000M', 'Model size: 0.660MB')

*******************************************

**************************************************
==================================================
**************************************************
