MODEL: BRAV_2
DATASET: nlu
VOCAB_SIZE: 4096
EMBED_DIM: 32
FORWARD_EXPANSION: 4
MAX_LENGTH: 128
LAYERS: 1
REDUCED_EMBEDDING_DIM: 16
LR: 0.003
EPOCHS: 20

average eval loss: 0.46623356143633526
Accuracy: 0.8904854368932039
F1 (weighted): 0.8896200073231109
Precision (weighted): 0.8917516561751995
Recall (weighted): 0.8904854368932039
MCC: 0.8772625612878682
Confusion matrix:
 [[ 26   0   0   0   0   0   0   0   0   0   0   1   0   0   5   0   0   0]
 [  0 107   0   0   0   1   0   0   0   0   0   6   0   0   0   0   0   2]
 [  0   0  38   0   0   0   0   0   1   0   1   2   0   0  13   0   0   0]
 [  0   1   0  24   0   0   0   0   1   0   0  11   0   0   1   0   0   2]
 [  0   0   0   0  52   1   0   2   2   0   0   3   0   0   0   0   0   1]
 [  0   0   1   0   2 182   1   1   1   2   1   6   0   1   0   0   1   2]
 [  0   1   0   0   0   0  71   0   3   0   0   0   0   0   0   0   0   2]
 [  0   0   0   0   1   0   0  72   8   4   0   5   0   0   1   0   0   3]
 [  0   1   2   0   1   0   1   3 215   2   1  14   0   0   3   0   1   3]
 [  0   0   0   0   0   0   2   3   7  39   1   3   0   0   0   0   0   4]
 [  0   0   0   0   0   1   0   1   1   0  83   4   0   2   3   0   0   2]
 [  0   3   0   1   2   2   1   3  16   2   1 547   0   1   4   0   2   5]
 [  0   0   0   0   0   1   0   0   0   0   0   0  50   0   0   0   0   5]
 [  0   0   0   0   0   0   0   0   0   0   0   6   0 113   0   0   0   0]
 [  0   0   4   0   0   2   0   1   2   0   1   5   0   0 267   0   0   3]
 [  0   0   0   1   0   0   2   0   2   1   1   2   0   0   0  40   0   1]
 [  0   0   0   0   0   1   0   0   2   0   0   1   0   0   0   0  99   0]
 [  0   1   0   1   1   2   1   1   3   4   1  10   0   0   0   0   0 268]]
('Model params: 0.161M', 'Model buffers: 0.000M', 'Model size: 0.613MB')

*******************************************

MODEL: BRAV_2
DATASET: nlu
VOCAB_SIZE: 4096
EMBED_DIM: 32
FORWARD_EXPANSION: 4
MAX_LENGTH: 128
LAYERS: 1
REDUCED_EMBEDDING_DIM: 16
LR: 0.003
EPOCHS: 20

average eval loss: 0.5589060542129335
Accuracy: 0.8737864077669902
F1 (weighted): 0.872232874270401
Precision (weighted): 0.8753554243421431
Recall (weighted): 0.8737864077669902
MCC: 0.8584993908405838
Confusion matrix:
 [[ 25   0   0   0   0   0   0   0   1   0   0   0   0   0   6   0   0   0]
 [  0 108   0   0   0   1   0   0   1   0   0   2   0   1   1   0   0   2]
 [  1   0  38   0   0   0   0   0   4   1   1   1   0   0   8   1   0   0]
 [  0   2   0  20   0   0   0   0   6   1   0   9   0   0   1   0   0   1]
 [  0   0   0   0  47   1   0   2   3   0   0   5   0   0   1   0   1   1]
 [  0   2   0   1   3 177   0   0   3   0   0  10   0   0   0   2   1   2]
 [  0   2   0   0   0   0  68   0   2   0   0   1   1   0   0   0   0   3]
 [  0   0   0   0   2   0   1  72   7   1   0   7   0   0   2   0   0   2]
 [  0   0   0   0   0   1   0   4 211   3   1  21   0   0   3   0   2   1]
 [  0   0   0   0   0   0   2   0   9  34   0   4   0   0   0   0   0  10]
 [  0   0   0   1   0   0   0   2   1   0  82   2   0   3   4   0   1   1]
 [  0   3   0   1   0   2   1   3  14   6   1 548   0   1   3   0   1   6]
 [  0   0   0   0   0   1   0   0   0   0   0   0  48   0   0   0   0   7]
 [  0   0   0   0   0   0   0   0   2   0   0   4   0 111   1   0   0   1]
 [  0   0   9   0   0   1   0   0   0   1   0   6   0   0 264   0   0   4]
 [  0   0   0   1   0   0   1   0   3   9   0   2   0   1   0  31   0   2]
 [  0   0   0   0   0   1   1   0   3   0   0   1   0   0   0   1  95   1]
 [  0   1   1   0   1   1   3   0   1   1   4   8   0   0   1   0   0 271]]
('Model params: 0.161M', 'Model buffers: 0.000M', 'Model size: 0.613MB')

*******************************************

MODEL: BRAV_2
DATASET: nlu
VOCAB_SIZE: 4096
EMBED_DIM: 32
FORWARD_EXPANSION: 4
MAX_LENGTH: 128
LAYERS: 1
REDUCED_EMBEDDING_DIM: 16
LR: 0.003
EPOCHS: 20

average eval loss: 0.4993168456213815
Accuracy: 0.883495145631068
F1 (weighted): 0.8828154553791181
Precision (weighted): 0.8840025421753519
Recall (weighted): 0.883495145631068
MCC: 0.8696002408435074
Confusion matrix:
 [[ 24   0   1   0   0   0   0   1   0   0   0   0   0   1   5   0   0   0]
 [  0 105   0   1   0   1   1   1   0   1   0   4   0   1   1   0   0   0]
 [  0   0  39   0   0   0   1   0   0   0   1   3   0   0  11   0   0   0]
 [  0   2   0  27   0   0   0   0   3   1   0   6   0   0   1   0   0   0]
 [  0   1   0   0  54   0   1   0   0   0   0   3   0   0   0   0   1   1]
 [  0   0   0   1   2 183   0   2   4   1   1   3   0   0   1   1   1   1]
 [  0   1   0   0   0   0  65   0   3   1   0   1   0   0   0   0   1   5]
 [  0   1   1   0   2   0   1  72   8   2   0   4   0   0   1   0   0   2]
 [  0   1   0   0   2   0   2   2 208   2   2  22   0   0   4   0   0   2]
 [  0   1   0   0   0   1   3   0   4  38   3   2   0   0   1   0   0   6]
 [  1   0   0   1   0   0   1   2   1   0  85   1   0   1   3   0   0   1]
 [  2   5   0   2   0   2   1   3  19   7   1 537   0   1   3   0   2   5]
 [  0   0   1   0   0   0   0   0   0   0   0   0  50   0   0   0   0   5]
 [  1   0   0   0   0   0   0   0   1   0   0   4   1 111   1   0   0   0]
 [  0   0   5   0   0   1   0   0   2   0   0   3   0   0 270   0   1   3]
 [  1   0   0   0   0   1   2   0   3   2   0   3   0   0   0  37   0   1]
 [  0   1   0   0   0   0   0   1   0   0   0   1   0   0   1   0  99   0]
 [  0   2   0   1   1   2   1   1   2   2   4   4   0   0   0   0   2 271]]
('Model params: 0.161M', 'Model buffers: 0.000M', 'Model size: 0.613MB')

*******************************************

MODEL: BRAV_2
DATASET: nlu
VOCAB_SIZE: 4096
EMBED_DIM: 32
FORWARD_EXPANSION: 4
MAX_LENGTH: 128
LAYERS: 1
REDUCED_EMBEDDING_DIM: 16
LR: 0.003
EPOCHS: 20

average eval loss: 0.46547903901054744
Accuracy: 0.8893203883495145
F1 (weighted): 0.8893666591144993
Precision (weighted): 0.8915922669373749
Recall (weighted): 0.8893203883495145
MCC: 0.8760961559604066
Confusion matrix:
 [[ 27   0   1   0   0   0   0   0   1   0   0   0   0   0   3   0   0   0]
 [  0 107   0   0   0   2   2   0   0   0   0   3   0   1   0   0   0   1]
 [  0   0  42   0   1   0   0   0   2   0   2   1   0   0   7   0   0   0]
 [  0   2   0  25   0   0   0   0   3   0   0   8   0   0   1   0   0   1]
 [  0   1   0   0  54   0   0   1   0   0   0   2   0   0   0   0   1   2]
 [  0   0   0   1   2 182   0   1   3   1   0   8   0   0   0   0   1   2]
 [  0   0   0   0   0   0  71   0   3   0   0   0   0   0   1   0   0   2]
 [  0   0   0   0   1   0   1  72  10   4   0   2   0   1   1   0   0   2]
 [  0   1   3   1   1   0   3   2 203   8   1  20   0   0   2   0   0   2]
 [  0   0   0   0   0   0   1   1   3  46   0   4   0   0   0   0   0   4]
 [  0   0   0   0   0   0   0   1   1   0  83   3   0   2   5   0   0   2]
 [  0   1   0   2   1   2   2   2  14   4   1 545   0   1   4   0   3   8]
 [  0   0   0   0   0   0   0   0   0   0   0   1  50   0   0   0   0   5]
 [  0   0   0   0   0   0   1   0   0   0   0   4   0 113   1   0   0   0]
 [  0   0  10   0   0   1   0   0   2   0   0   5   0   0 263   0   0   4]
 [  0   0   0   1   0   0   2   0   2   1   0   2   0   0   0  41   0   1]
 [  0   0   0   0   0   1   0   0   4   0   0   1   0   0   0   0  97   0]
 [  0   2   0   1   1   1   3   0   5   2   4   5   0   0   0   0   0 269]]
('Model params: 0.161M', 'Model buffers: 0.000M', 'Model size: 0.613MB')

*******************************************

MODEL: BRAV_2
DATASET: nlu
VOCAB_SIZE: 4096
EMBED_DIM: 32
FORWARD_EXPANSION: 4
MAX_LENGTH: 128
LAYERS: 1
REDUCED_EMBEDDING_DIM: 16
LR: 0.003
EPOCHS: 20

average eval loss: 0.4691989989507766
Accuracy: 0.8866019417475728
F1 (weighted): 0.8858417610351089
Precision (weighted): 0.8878312295248442
Recall (weighted): 0.8866019417475728
MCC: 0.87294992969828
Confusion matrix:
 [[ 26   0   1   0   0   0   0   1   0   0   0   1   0   0   3   0   0   0]
 [  0 106   0   0   0   1   1   0   1   1   0   4   0   2   0   0   0   0]
 [  0   0  40   0   0   0   1   0   1   0   0   1   0   0  12   0   0   0]
 [  0   2   0  24   0   0   1   0   1   1   0   9   0   0   1   0   0   1]
 [  0   1   0   0  54   0   0   0   1   0   0   3   0   0   0   0   0   2]
 [  0   0   0   0   2 179   0   2   4   1   0   9   0   0   0   0   1   3]
 [  0   0   0   0   0   0  72   0   3   0   0   1   0   0   0   0   0   1]
 [  0   0   0   0   2   0   0  67   8   4   0   8   0   1   2   0   0   2]
 [  0   0   1   0   1   0   1   3 209   4   0  18   0   0   3   0   1   6]
 [  0   0   0   0   0   0   3   1   8  35   1   4   0   0   0   4   0   3]
 [  0   0   1   0   0   0   0   1   2   1  82   3   0   1   4   0   1   1]
 [  0   2   0   2   1   1   1   2  13   5   1 554   0   1   2   0   1   4]
 [  0   0   0   0   0   0   0   0   0   0   0   1  50   0   0   0   0   5]
 [  0   0   0   0   0   0   0   0   1   0   0   5   0 112   1   0   0   0]
 [  0   0   8   0   0   1   0   1   0   2   0   3   0   0 267   0   0   3]
 [  0   0   0   1   0   0   1   0   2   4   0   1   0   0   0  40   0   1]
 [  0   0   0   1   0   1   0   0   1   0   0   0   0   0   0   0  99   1]
 [  0   1   0   1   1   2   3   0   4   1   6   6   0   0   1   0   0 267]]
('Model params: 0.161M', 'Model buffers: 0.000M', 'Model size: 0.613MB')

*******************************************

**************************************************
==================================================
**************************************************
