ModelConfig(model_name='Embedder_conv_movel', embedding_dimension=128, reduced_embedding_dimension=16, number_of_heads=8, max_length=512, forward_expansion=2, num_layers=2, vocab_size=4096)
LR: 0.001
EPOCHS: 10

average eval loss:  0.5558
Accuracy: 0.869
F1: 0.873
Precision: 0.885
Recall: 0.869
MCC: 0.855
Confusion matrix:
 [[ 51   1   1   1   0   0   0   0   1   0   0   0   0   1   0   0   0   0]
 [  0  33   1   1   0   1   0   0   1   0   0   1   0   1   0   0   0   0]
 [  0   0 142   0   0   2   0   1   0   0   0   4   0   1   1   0   0   0]
 [  0   1   0 268   1   1  11   0   2   2   0   2   0  14   1   1   0   2]
 [  0   1   2   0 234   2   2   1   1  23   0   7   0   2   0   0   1   1]
 [  4   3   0   2   3 497   5   2   9   5   5  44   3   7  10   3   2   1]
 [  0   0   0   0   0   0  66   0   0   0   0   3   0   1   0   0   0   0]
 [  0   0   0   0   0   0   0  29   0   0   0   1   0   1   0   0   0   0]
 [  0   0   0   0   0   0   0   0  78   0   1   7   1   0   0   0   2   0]
 [  0   1   0   0   3   0   0   0   0  50   0   0   0   0   0   0   0   1]
 [  0   0   0   1   0   1   0   0   2   0  95   2   0   2   0   0   0   0]
 [  0   1   3   3   2  12   2   0   4   1   1 206   3   6   1   0   1   0]
 [  0   0   0   0   0   1   0   1   1   0   0   1  69   0   1   0   0   1]
 [  0   0   1   2   0   0   1   2   2   1   0   3   0  52   0   0   1   1]
 [  0   0   0   0   0   0   0   1   0   0   1   3   0   2  38   1   0   0]
 [  0   0   0   2   0   2   0   0   3   1   0   2   2   1   0 152   0   1]
 [  0   0   2   0   0   0   1   2   1   0   1   2   0   1   0   0  91   0]
 [  0   0   0   1   1   0   0   2   0   1   1   0   0   0   0   1   0  83]]
('Model params: 0.138M', 'Model buffers: 0.000M', 'Model size: 0.525MB')

*******************************************

ModelConfig(model_name='Embedder_conv_movel', embedding_dimension=128, reduced_embedding_dimension=16, number_of_heads=8, max_length=512, forward_expansion=2, num_layers=2, vocab_size=4096)
LR: 0.001
EPOCHS: 10

average eval loss:  0.5261
Accuracy: 0.869
F1: 0.873
Precision: 0.886
Recall: 0.869
MCC: 0.856
Confusion matrix:
 [[ 51   1   0   2   0   0   1   0   0   0   0   0   0   1   0   0   0   0]
 [  0  33   1   1   0   1   0   0   1   0   1   0   0   0   0   1   0   0]
 [  0   0 143   0   0   0   0   0   0   0   0   4   1   1   2   0   0   0]
 [  0   1   0 263   0   1  16   0   3   2   0   0   1  13   1   3   0   2]
 [  0   1   1   0 249   0   1   0   0  15   0   5   0   3   0   0   1   1]
 [  3   3   1   2   3 500   7   2   6   5   5  41   7  13   5   1   1   0]
 [  0   0   0   0   0   0  69   0   0   0   0   0   0   1   0   0   0   0]
 [  0   0   0   0   0   0   0  28   0   0   0   1   0   2   0   0   0   0]
 [  0   0   0   1   0   0   0   0  78   0   0   6   1   0   0   1   2   0]
 [  0   1   0   0   9   0   0   0   0  43   0   0   0   0   0   1   0   1]
 [  0   1   0   2   0   1   0   0   2   0  92   1   1   2   0   1   0   0]
 [  0   0   3   2   1   9   3   0   6   1   1 196   3  13   4   3   1   0]
 [  0   0   0   0   0   1   0   1   0   0   0   0  71   1   1   0   0   0]
 [  0   0   0   1   0   1   1   1   2   1   0   1   1  54   1   0   1   1]
 [  0   0   1   0   0   0   0   1   0   0   1   4   0   2  37   0   0   0]
 [  0   0   0   1   0   1   0   0   3   1   0   1   1   1   0 155   1   1]
 [  0   0   1   0   0   0   3   2   1   0   1   0   0   1   1   0  91   0]
 [  0   0   0   1   2   0   0   2   0   0   0   1   1   0   0   1   0  82]]
('Model params: 0.138M', 'Model buffers: 0.000M', 'Model size: 0.525MB')

*******************************************

