Model config for current run:
ModelConfig(model_name='IDEA1', embedding_dimension=128, reduced_embedding_dimension=16, number_of_heads=0, max_length=256, forward_expansion=1.2, d_state=None, num_layers=3, vocab_size=8192, learning_rate=0.0005)
EPOCHS: 20

*******************************************

average eval loss:  0.6819
Accuracy: 0.826
F1: 0.832
Precision: 0.848
Recall: 0.826
MCC: 0.809
Confusion matrix:
 [[ 56   0   0   4   0   0   0   0   0   0   0   0   0   0   0   0   0   0]
 [  1  36   0   1   0   0   0   0   0   0   0   0   1   0   2   0   0   0]
 [  0   2 119   1   3   0   1   1   1   0   1   2   3   0   1   0   0   0]
 [  2   2   0 231   4   0  10   1   3   1   4   2   3  10   2   2   1   5]
 [  1   1   3   2 227   0   0   3   0  15   0   3   1   1   0   0   0   0]
 [  2   7   4  13   5 480   5  10   3   4   9  26  14   7   6   3   4   1]
 [  0   0   0   0   0   2  53   0   0   0   1   2   0   2   2   0   1   0]
 [  0   0   1   0   1   1   0  40   0   1   0   1   0   3   2   0   0   1]
 [  0   1   0   2   1   0   1   0  53   0   1   4   3   3   1   1   1   0]
 [  0   1   0   0   5   0   1   1   0  54   0   3   1   1   1   0   0   0]
 [  0   2   0   2   1   0   2   1   0   0  95   0   1   0   2   1   1   1]
 [  1   3   1   4   1   6   4   4   4   4   2 171   7  13   8   0   5   0]
 [  0   0   0   2   0   0   1   1   2   1   0   1  65   2   0   0   0   0]
 [  1   1   0   3   1   0   0   3   0   1   0   2   4  56   0   0   0   1]
 [  0   0   0   0   0   0   0   0   1   1   0   6   0   0  29   0   1   0]
 [  2   0   0   1   1   1   0   5   1   2   0   2   1   1   2 180   1   0]
 [  0   2   0   2   1   0   3   1   2   0   1   2   0   0   1   0  92   1]
 [  0   1   0   2   0   0   0   0   0   3   1   0   0   3   1   0   0  87]]
('Model params: 369.448K', 'Model buffers: 0.000K', 'Model size: 1.409MB')

*******************************************

average eval loss:  0.6717
Accuracy: 0.819
F1: 0.824
Precision: 0.844
Recall: 0.819
MCC: 0.802
Confusion matrix:
 [[ 59   0   0   0   0   0   0   0   0   1   0   0   0   0   0   0   0   0]
 [  2  34   0   0   0   0   0   1   0   2   1   0   0   0   1   0   0   0]
 [  1   2 114   3   1   0   1   0   2   0   3   0   0   0   3   2   2   1]
 [  3   3   0 232   1   0   9   2   5   4   7   3   0   5   1   2   3   3]
 [  0   2   5   1 210   0   2   0   2  23   2   2   1   0   0   3   2   2]
 [  0  13   2  22   6 471   3   5   6  12  19  17   6   9   2   6   3   1]
 [  0   1   0   1   1   0  55   0   0   0   3   2   0   0   0   0   0   0]
 [  0   0   0   1   0   1   1  40   0   2   3   0   0   1   1   1   0   0]
 [  0   2   1   3   0   0   0   0  59   0   1   3   2   0   0   0   1   0]
 [  0   1   1   1   4   1   0   1   0  52   0   4   0   1   0   2   0   0]
 [  0   0   1   0   0   0   1   1   0   0 104   0   0   1   1   0   0   0]
 [  2   1   0   4   2   0   8   2  13   7  10 166   4   5   6   5   1   2]
 [  0   1   0   4   0   0   0   0   2   1   0   2  64   0   0   0   1   0]
 [  0   2   0   2   1   0   0   2   4   1   0   0   0  56   2   1   1   1]
 [  0   0   0   0   0   0   0   1   0   0   1   4   0   1  30   1   0   0]
 [  0   0   2   5   1   1   0   2   2   1   0   3   2   1   0 177   0   3]
 [  1   0   0   2   1   0   2   0   2   1   2   2   0   1   0   0  93   1]
 [  0   1   0   1   0   0   0   0   0   1   1   2   0   0   0   1   0  91]]
('Model params: 369.448K', 'Model buffers: 0.000K', 'Model size: 1.409MB')

*******************************************

average eval loss:  0.6553
Accuracy: 0.821
F1: 0.826
Precision: 0.845
Recall: 0.821
MCC: 0.804
Confusion matrix:
 [[ 58   0   0   1   0   0   0   0   0   0   1   0   0   0   0   0   0   0]
 [  1  34   0   0   0   1   1   0   0   1   0   1   0   0   1   0   0   1]
 [  1   5 116   0   2   0   0   1   0   1   1   1   0   1   2   0   1   3]
 [  3   3   1 222   3   1  10   0   1   1   9   5   2   8   3   5   2   4]
 [  0   3   4   1 211   1   0   0   0  19   2   4   1   0   2   5   2   2]
 [  1  10   3   9   9 481   4   2   5   3  14  14   9  11  12   6   6   4]
 [  0   0   0   1   0   0  56   0   0   0   3   2   0   0   0   1   0   0]
 [  0   2   0   0   0   1   0  39   0   0   0   1   0   6   2   0   0   0]
 [  0   1   0   1   0   2   0   0  55   0   3   4   1   0   0   1   4   0]
 [  0   3   0   0   5   1   0   0   0  50   2   4   0   1   1   0   0   1]
 [  0   1   0   0   0   0   0   1   0   0 103   0   2   1   0   0   0   1]
 [  0   1   2   3   4   2   5   0   3   1   5 172   4  13  14   3   4   2]
 [  0   1   0   3   0   0   0   0   3   0   1   1  64   1   0   1   0   0]
 [  0   0   1   3   1   0   1   3   1   1   0   2   2  54   3   0   0   1]
 [  0   1   0   0   0   0   0   1   0   0   0   1   0   1  33   0   0   1]
 [  0   1   0   1   0   1   0   1   2   0   1   8   4   1   0 178   1   1]
 [  0   0   0   2   0   0   1   0   0   0   2   2   2   0   1   0  97   1]
 [  0   0   2   1   0   0   0   0   0   1   0   1   0   2   2   0   1  88]]
('Model params: 369.448K', 'Model buffers: 0.000K', 'Model size: 1.409MB')

*******************************************

average eval loss:  0.6752
Accuracy: 0.809
F1: 0.814
Precision: 0.829
Recall: 0.809
MCC: 0.790
Confusion matrix:
 [[ 58   0   0   1   0   1   0   0   0   0   0   0   0   0   0   0   0   0]
 [  2  35   1   1   1   1   0   0   0   0   0   0   0   0   0   0   0   0]
 [  0   3 117   1   1   1   0   0   2   0   1   1   1   1   4   1   1   0]
 [  2   3   1 230   1   0   8   1   5   0   2   9   3   9   2   0   0   7]
 [  0   3   5   2 216   3   1   2   1   8   1   1   6   2   1   1   3   1]
 [  2   8   4  12  10 477   1   3   5   7  10  16   6   6  18   7   8   3]
 [  0   0   2   1   1   0  53   0   1   0   0   4   0   0   1   0   0   0]
 [  0   0   0   0   3   0   0  43   0   0   0   2   0   1   1   0   1   0]
 [  0   0   0   0   0   0   1   0  58   1   0   5   3   0   1   1   0   2]
 [  0   2   1   4   2   0   0   0   0  46   0   6   0   0   3   2   1   1]
 [  0   1   0   1   0   1   0   2   1   0  96   6   0   0   1   0   0   0]
 [  0   2   4   4   2   3   5   0   7   2   6 160   5   5  17   4   8   4]
 [  0   0   0   2   0   0   0   0   2   1   1   1  65   0   2   1   0   0]
 [  0   1   1   1   0   0   0   2   6   2   2   4   0  50   2   0   2   0]
 [  1   0   0   0   1   0   0   1   0   0   1   1   0   1  29   0   2   1]
 [  0   0   1  12   1   1   0   0   1   0   0   7   5   0   1 169   0   2]
 [  0   0   0   4   0   1   1   0   5   0   0   4   1   1   1   2  86   2]
 [  0   0   0   1   2   1   0   0   0   0   0   0   0   1   1   0   0  92]]
('Model params: 369.448K', 'Model buffers: 0.000K', 'Model size: 1.409MB')

*******************************************

average eval loss:  0.6471
Accuracy: 0.823
F1: 0.827
Precision: 0.842
Recall: 0.823
MCC: 0.806
Confusion matrix:
 [[ 58   0   0   1   0   1   0   0   0   0   0   0   0   0   0   0   0   0]
 [  1  37   0   0   2   1   0   0   0   0   0   0   0   0   0   0   0   0]
 [  0   2 122   0   2   0   0   0   2   0   1   0   0   2   2   1   0   1]
 [  4   1   1 229   3   1  13   2   3   2   1   3   2   8   1   2   4   3]
 [  0   6   4   1 219   1   1   2   1   9   2   1   0   2   0   1   3   4]
 [  3   6   5  17   9 481   4   3  20   6   4  15   2  10   7   2   5   4]
 [  0   0   0   0   1   0  58   0   0   0   0   2   0   0   2   0   0   0]
 [  0   1   1   1   0   0   0  43   0   0   1   0   2   1   1   0   0   0]
 [  0   0   0   1   1   1   3   1  56   1   0   1   2   1   2   2   0   0]
 [  0   0   0   1   6   2   0   0   1  50   1   2   1   0   1   1   0   2]
 [  0   1   1   0   0   0   2   0   0   1 102   0   0   1   0   0   1   0]
 [  2   4   3   3   3   5   8   2  18   1   6 154   3   3   7   7   5   4]
 [  0   0   0   2   2   1   0   0   4   0   1   0  62   1   0   1   1   0]
 [  0   0   3   2   0   0   1   4   2   1   0   0   1  56   1   1   0   1]
 [  0   2   0   0   1   0   1   1   0   0   1   1   0   2  26   1   2   0]
 [  0   0   0   1   1   1   1   1   2   0   0   6   3   1   0 183   0   0]
 [  0   0   0   3   0   1   3   0   0   0   2   3   0   2   0   1  92   1]
 [  0   0   1   1   0   0   0   0   1   1   0   1   0   2   0   0   1  90]]
('Model params: 369.448K', 'Model buffers: 0.000K', 'Model size: 1.409MB')

*******************************************

**************************************************
==================================================
**************************************************
