Model config for current run:
ModelConfig(model_name='Embedder_+_cls', embedding_dimension=128, reduced_embedding_dimension=16, number_of_heads=None, max_length=512, forward_expansion=1, num_layers=1, vocab_size=4096)
LR: 0.005
EPOCHS: 10

*******************************************

average eval loss:  0.5611
Accuracy: 0.862
F1: 0.862
Precision: 0.865
Recall: 0.862
MCC: 0.846
Confusion matrix:
 [[ 64   0   0   4   0   2   0   0   0   0   0   0   0   0   0   0   0   0]
 [  0  32   2   1   3   1   0   0   0   2   0   0   0   0   0   0   0   0]
 [  0   0 126   0   1   4   1   1   0   0   0   0   0   0   0   0   0   0]
 [  1   0   0 261   3  11   5   0   1   0   0   1   1   6   0   3   1   0]
 [  0   1   4   0 216   9   1   1   0   5   2   4   0   0   0   0   0   0]
 [  0   1   1  14   5 552   7   1   6   0   2  14   2   1   2   0   4   0]
 [  0   0   0   3   0   3  63   0   0   0   0   2   0   0   0   0   0   0]
 [  0   0   0   0   0   4   1  34   0   0   0   2   1   1   0   0   0   1]
 [  0   0   1   2   2   8   2   0  67   0   0   7   1   1   0   0   0   0]
 [  0   1   1   2  11   1   1   0   0  39   0   2   0   0   0   0   0   0]
 [  0   1   0   0   1   2   2   0   1   0  96   0   0   0   1   0   0   0]
 [  0   0   0   2   3  16  10   1   6   0   1 196   1   2   1   1   0   0]
 [  0   1   0   2   1   4   0   0   0   0   0   2  57   0   0   0   0   0]
 [  0   1   0  12   2   6   1   0   1   0   0   5   0  50   0   0   0   2]
 [  0   0   0   0   0   2   0   1   0   0   0   8   0   0  26   1   0   0]
 [  0   0   0   3   0   3   0   0   0   0   1   2   0   0   1 166   0   0]
 [  0   0   1   2   2   3   1   0   0   0   3   1   0   1   0   0  87   0]
 [  0   3   1   3   1   9   1   0   0   2   1   0   1   0   1   0   0  86]]
('Model params: 0.136M', 'Model buffers: 0.000M', 'Model size: 0.519MB')

*******************************************

average eval loss:  0.5393
Accuracy: 0.862
F1: 0.861
Precision: 0.866
Recall: 0.862
MCC: 0.846
Confusion matrix:
 [[ 64   0   0   4   0   1   1   0   0   0   0   0   0   0   0   0   0   0]
 [  0  29   3   0   2   4   0   0   0   3   0   0   0   0   0   0   0   0]
 [  0   0 124   0   0   5   1   0   0   0   1   0   1   1   0   0   0   0]
 [  0   0   0 259   0  13   5   0   1   0   3   4   1   4   0   2   1   1]
 [  0   1   2   0 221   9   0   0   1   6   0   3   0   0   0   0   0   0]
 [  0   0   3   7   3 562   5   0   2   0   2  22   0   2   1   3   0   0]
 [  0   0   0   0   0   6  59   0   0   0   0   6   0   0   0   0   0   0]
 [  1   1   1   2   0   3   0  26   0   0   1   2   0   6   0   0   0   1]
 [  0   0   1   3   2   7   0   0  66   0   0   9   1   2   0   0   0   0]
 [  0   0   2   0   6   7   0   0   0  40   0   3   0   0   0   0   0   0]
 [  0   0   1   4   0   6   1   0   1   0  86   3   0   1   0   0   1   0]
 [  0   0   0   2   3  13   5   0   2   0   2 208   2   0   3   0   0   0]
 [  0   0   0   0   0   4   0   1   0   0   0   0  60   1   0   1   0   0]
 [  0   0   1   9   0   7   2   1   1   1   2   5   0  49   0   1   0   1]
 [  0   0   0   1   0   2   1   3   0   0   1   5   0   0  24   1   0   0]
 [  0   0   0   0   0   8   0   0   0   0   1   1   0   0   1 165   0   0]
 [  0   0   0   2   0   4   1   0   1   0   1   5   1   0   1   0  85   0]
 [  0   0   0   1   3  12   0   0   1   1   0   0   0   0   0   0   0  91]]
('Model params: 0.136M', 'Model buffers: 0.000M', 'Model size: 0.519MB')

*******************************************

average eval loss:  0.6040
Accuracy: 0.844
F1: 0.844
Precision: 0.849
Recall: 0.844
MCC: 0.826
Confusion matrix:
 [[ 63   0   0   4   0   1   1   0   0   0   0   1   0   0   0   0   0   0]
 [  0  30   2   0   6   2   0   0   0   1   0   0   0   0   0   0   0   0]
 [  1   0 122   2   2   2   1   0   0   0   0   0   0   1   2   0   0   0]
 [  0   0   1 262   2  10   3   0   0   0   2   6   1   3   1   0   1   2]
 [  1   3   0   1 221   6   0   0   0   8   0   2   0   0   0   1   0   0]
 [  0   0   7  12   6 549   4   0   4   3   3  17   1   2   2   2   0   0]
 [  0   0   0   3   1   5  58   0   0   0   0   3   0   0   1   0   0   0]
 [  0   0   1   2   1   1   0  26   0   1   2   4   1   4   1   0   0   0]
 [  0   0   2   0   0   6   0   0  67   0   0  11   0   3   0   2   0   0]
 [  0   1   2   1   9   0   0   0   0  40   0   4   0   0   0   0   1   0]
 [  0   0   5   1   0   5   2   0   1   0  85   4   0   1   0   0   0   0]
 [  0   0   0   5   1  17   2   1   5   2   2 196   2   2   3   0   2   0]
 [  0   0   0   2   4   3   0   0   0   1   0   1  56   0   0   0   0   0]
 [  0   0   1   9   1   5   1   0   1   1   2   3   0  52   1   0   0   3]
 [  0   0   2   0   1   5   1   0   0   0   0   6   0   0  23   0   0   0]
 [  0   0   0   1   2  12   0   0   0   0   1   8   0   0   0 152   0   0]
 [  0   0   0   3   1   6   0   1   0   0   2   2   0   3   0   0  83   0]
 [  0   0   5   3   5   3   0   0   0   4   0   2   0   0   0   0   0  87]]
('Model params: 0.136M', 'Model buffers: 0.000M', 'Model size: 0.519MB')

*******************************************

average eval loss:  0.5723
Accuracy: 0.853
F1: 0.853
Precision: 0.859
Recall: 0.853
MCC: 0.836
Confusion matrix:
 [[ 60   0   0   9   0   0   0   0   0   0   0   1   0   0   0   0   0   0]
 [  0  31   1   1   3   4   0   0   0   1   0   0   0   0   0   0   0   0]
 [  0   1 121   1   0   7   2   0   0   0   0   1   0   0   0   0   0   0]
 [  0   0   0 264   1   7   5   0   2   0   1   3   1   4   2   3   1   0]
 [  0   0   0   4 215  12   0   0   0   4   0   7   0   1   0   0   0   0]
 [  1   0   2   9   5 559   3   0   3   1   2  19   0   2   4   0   2   0]
 [  0   0   0   3   0   6  53   0   0   0   0   9   0   0   0   0   0   0]
 [  0   0   0   0   1   4   2  31   0   0   0   2   0   1   2   0   1   0]
 [  0   0   1   1   2   9   0   0  65   0   0  10   1   2   0   0   0   0]
 [  0   0   1   0  10   4   0   0   0  36   1   6   0   0   0   0   0   0]
 [  0   0   0   2   0   7   0   0   2   0  91   0   0   1   1   0   0   0]
 [  0   0   1   3   2  17   1   1   1   0   0 208   2   3   1   0   0   0]
 [  0   0   0   0   2   3   1   0   0   0   0   2  59   0   0   0   0   0]
 [  0   0   0  11   0  10   1   0   2   0   0   4   0  48   1   2   0   1]
 [  0   0   1   0   0   4   1   0   1   0   0   7   0   2  22   0   0   0]
 [  0   0   0   0   0   7   0   0   0   1   0   1   1   0   1 165   0   0]
 [  0   0   0   3   1   2   0   0   2   0   0   9   0   1   1   0  82   0]
 [  0   0   2   5   6   7   0   0   0   0   0   1   0   2   1   0   0  85]]
('Model params: 0.136M', 'Model buffers: 0.000M', 'Model size: 0.519MB')

*******************************************

average eval loss:  0.5736
Accuracy: 0.848
F1: 0.847
Precision: 0.853
Recall: 0.848
MCC: 0.829
Confusion matrix:
 [[ 60   0   0   6   0   1   2   0   0   0   0   0   0   1   0   0   0   0]
 [  0  28   1   2   6   3   0   0   0   1   0   0   0   0   0   0   0   0]
 [  0   0 125   0   3   4   1   0   0   0   0   0   0   0   0   0   0   0]
 [  0   0   0 256   0  11   5   0   2   0   1   7   1   5   1   1   1   3]
 [  0   0   1   2 220  11   0   0   1   3   0   2   1   1   1   0   0   0]
 [  0   2   1  10   8 555   3   0   1   0   3  21   0   3   1   2   2   0]
 [  0   0   0   2   2   5  57   0   1   0   0   4   0   0   0   0   0   0]
 [  0   0   0   1   2   3   1  25   1   0   1   2   0   5   1   1   1   0]
 [  0   0   0   2   2   7   1   0  70   0   0   4   2   2   0   1   0   0]
 [  0   2   0   0  12   4   0   0   0  36   1   3   0   0   0   0   0   0]
 [  0   0   0   3   1   4   1   0   2   0  86   1   0   3   2   0   0   1]
 [  0   0   0   3   2  25   1   0   5   1   1 197   1   0   2   1   1   0]
 [  0   0   0   1   2   5   0   0   0   0   0   2  56   0   0   1   0   0]
 [  0   0   0   6   2   4   0   0   1   0   0   4   1  56   1   1   2   2]
 [  0   0   0   0   0   5   0   0   2   0   0   9   0   1  21   0   0   0]
 [  0   1   0   1   1  12   0   0   2   0   0   1   0   0   1 157   0   0]
 [  0   0   0   0   3   1   1   0   2   0   0   4   0   4   1   0  85   0]
 [  0   1   0   0   5   8   0   0   1   1   0   1   0   2   0   0   0  90]]
('Model params: 0.136M', 'Model buffers: 0.000M', 'Model size: 0.519MB')

*******************************************

**************************************************
==================================================
**************************************************
