Model config for current run:
ModelConfig(model_name='NanoBERT-Original', embedding_dimension=90, reduced_embedding_dimension=16, number_of_heads=2, max_length=256, forward_expansion=2, d_state=None, num_layers=2, vocab_size=8192, learning_rate=0.001)
EPOCHS: 20

*******************************************

average eval loss:  0.5719
Accuracy: 0.833
F1: 0.839
Precision: 0.859
Recall: 0.833
MCC: 0.817
Confusion matrix:
 [[ 62   1   0   2   0   0   0   0   0   0   0   0   0   0   0   0   1   0]
 [  0  28   0   0   5   0   0   0   0   2   0   0   0   0   0   0   0   0]
 [  1   2 138   1   3   0   0   0   0   1   1   2   0   1   1   0   1   1]
 [  3   0   0 256   1   0  12   1   1   1   0   1   3  11   2   0   5   6]
 [  0   1   2   0 246   2   0   0   1  22   0   4   0   2   0   1   2   6]
 [  3   4   6   6   9 476   9   1  13   6   6  42   2  12   9   2  10   2]
 [  0   0   0   1   0   0  53   0   0   0   2   1   0   3   1   0   1   0]
 [  0   0   0   1   0   0   0  31   0   0   0   2   0   0   1   0   0   0]
 [  0   1   0   0   0   0   1   0  66   0   0   5   1   4   2   1   1   0]
 [  0   2   0   0   6   0   0   0   0  37   0   2   0   0   0   0   0   3]
 [  0   0   0   0   0   0   1   0   1   1 105   2   1   2   0   1   2   0]
 [  0   0   0   4   2   2   4   1   8   2   2 186   1  12  12   3   7   5]
 [  0   0   0   2   0   0   0   0   2   0   1   1  73   0   0   2   2   1]
 [  0   1   0   1   0   0   0   1   4   1   1   4   0  50   1   0   1   0]
 [  0   0   0   0   0   0   0   1   0   0   0   1   0   1  23   1   0   0]
 [  0   0   0   1   3   1   0   0   0   0   0   2   1   0   1 153   0   1]
 [  0   0   0   2   1   0   0   0   0   0   1   1   1   2   1   0  84   0]
 [  0   0   1   0   0   0   0   0   0   0   0   0   0   2   1   0   0  76]]
('Model params: 271.536K', 'Model buffers: 0.000K', 'Model size: 1.036MB')

*******************************************

average eval loss:  0.6253
Accuracy: 0.835
F1: 0.843
Precision: 0.861
Recall: 0.835
MCC: 0.817
Confusion matrix:
 [[ 60   2   0   1   0   1   0   0   0   0   0   0   0   1   0   0   1   0]
 [  1  31   0   0   1   0   0   0   0   1   1   0   0   0   0   0   0   0]
 [  0   1 138   1   4   0   1   2   0   2   0   1   0   1   1   0   0   1]
 [  3   1   0 253   1   5   7   0   0   2   1   3   5  14   1   3   2   2]
 [  1   4   1   3 248   0   0   3   1  22   0   0   0   3   0   1   1   1]
 [  1   7   2   6   6 510   4   4   8  16   7  25   2  11   3   3   3   0]
 [  0   0   0   3   0   0  52   0   0   2   2   2   0   0   0   1   0   0]
 [  0   0   0   0   0   0   0  29   0   0   1   1   0   4   0   0   0   0]
 [  0   2   2   0   2   1   1   0  56   0   0   7   1   6   1   2   1   0]
 [  0   2   1   0   2   0   0   0   0  43   0   0   2   0   0   0   0   0]
 [  0   0   0   4   0   2   1   0   1   4  98   3   0   0   1   1   1   0]
 [  0   0   2   5   2   5   2   5   4  10   3 191   1  14   3   2   2   0]
 [  0   0   1   1   0   1   0   0   3   2   2   2  70   1   0   0   1   0]
 [  0   1   0   2   1   0   0   3   3   1   2   4   0  43   2   1   1   1]
 [  0   0   0   0   0   0   0   2   0   0   1   0   0   1  23   0   0   0]
 [  0   1   0   3   4   2   0   1   0   2   0   1   0   0   1 147   1   0]
 [  0   0   0   1   0   0   2   0   0   0   2   1   1   2   0   1  83   0]
 [  1   0   1   0   0   0   0   0   0   1   0   0   0   4   1   0   0  72]]
('Model params: 271.536K', 'Model buffers: 0.000K', 'Model size: 1.036MB')

*******************************************

average eval loss:  0.6096
Accuracy: 0.832
F1: 0.838
Precision: 0.856
Recall: 0.832
MCC: 0.815
Confusion matrix:
 [[ 62   1   0   1   0   0   0   0   0   0   0   0   0   0   1   0   1   0]
 [  0  33   0   0   1   0   0   0   0   1   0   0   0   0   0   0   0   0]
 [  0   5 136   0   5   2   0   2   0   0   1   1   0   1   0   0   0   0]
 [  1   1   0 263   0   2   8   2   7   0   3   2   3   5   2   2   0   2]
 [  0   8   2   1 239   4   1   2   6  13   1   4   3   2   3   0   0   0]
 [  1   3   3  12   6 516   5   6  15   3   5  13   6   7  10   2   5   0]
 [  0   0   0   2   0   0  55   0   1   0   1   2   0   1   0   0   0   0]
 [  0   0   0   0   0   0   0  31   0   0   0   1   1   2   0   0   0   0]
 [  0   2   0   0   2   0   1   1  64   0   2   3   1   3   0   1   2   0]
 [  0   1   0   0   8   0   0   0   0  39   0   1   0   0   1   0   0   0]
 [  0   0   0   0   0   3   1   1   0   0 107   0   0   1   0   1   2   0]
 [  0   0   2   4   5   9   5   5  10   7   2 164   2  16  13   0   5   2]
 [  0   0   0   3   0   0   0   4   2   0   0   0  73   0   1   0   0   1]
 [  0   1   0  11   0   3   0   0   5   1   2   3   1  36   1   0   0   1]
 [  0   0   0   0   0   0   0   2   0   0   0   0   0   0  25   0   0   0]
 [  1   1   0   4   2   1   1   4   1   1   0   0   1   0   1 145   0   0]
 [  0   1   0   1   0   0   0   0   1   0   1   1   1   4   1   0  82   0]
 [  0   1   0   1   0   1   0   0   1   1   1   0   0   1   1   0   1  71]]
('Model params: 271.536K', 'Model buffers: 0.000K', 'Model size: 1.036MB')

*******************************************

average eval loss:  0.5245
Accuracy: 0.859
F1: 0.863
Precision: 0.876
Recall: 0.859
MCC: 0.844
Confusion matrix:
 [[ 60   2   0   2   0   0   0   0   0   0   0   0   0   0   0   0   1   1]
 [  0  31   2   0   1   0   0   0   0   0   0   0   0   0   0   0   0   1]
 [  0   2 145   0   2   0   0   0   0   0   0   1   0   1   1   0   0   1]
 [  3   1   0 254   0   0   6   1   4   2   4   3   2  11   1   1   3   7]
 [  1   0   3   2 256   1   0   0   0  13   0   7   0   1   3   0   0   2]
 [  2   2   1   6   6 512   7   3  12   1   6  29   8   8   6   1   2   6]
 [  0   0   0   0   0   1  53   0   0   0   2   4   0   1   1   0   0   0]
 [  0   0   1   0   0   0   0  33   0   1   0   0   0   0   0   0   0   0]
 [  0   1   0   0   1   0   1   0  62   1   1   8   1   3   0   1   1   1]
 [  0   1   0   0   2   0   0   0   0  46   0   1   0   0   0   0   0   0]
 [  0   0   0   0   1   3   1   1   2   0 104   3   0   0   0   1   0   0]
 [  0   0   1   0   2   4   4   0   7   2   2 202   4  11   3   4   4   1]
 [  0   0   0   2   1   0   0   0   5   1   0   1  71   1   0   1   0   1]
 [  0   0   1   0   0   0   0   2   3   1   1   3   0  52   0   1   0   1]
 [  0   0   1   0   0   0   0   0   0   0   0   1   0   0  25   0   0   0]
 [  0   0   1   1   1   0   0   0   5   1   1   3   2   0   0 145   0   3]
 [  0   0   0   0   0   0   1   0   0   1   1   1   2   3   0   1  83   0]
 [  0   0   0   1   0   0   0   0   0   1   2   0   0   1   0   0   0  75]]
('Model params: 271.536K', 'Model buffers: 0.000K', 'Model size: 1.036MB')

*******************************************

average eval loss:  0.5929
Accuracy: 0.844
F1: 0.849
Precision: 0.865
Recall: 0.844
MCC: 0.828
Confusion matrix:
 [[ 60   1   0   3   0   0   2   0   0   0   0   0   0   0   0   0   0   0]
 [  0  31   1   0   0   0   0   0   0   1   2   0   0   0   0   0   0   0]
 [  1   3 137   1   1   1   0   1   0   1   2   2   0   1   1   0   1   0]
 [  3   2   0 257   0   2   8   1   0   0   1   5   5  11   0   1   3   4]
 [  0   7   0   0 235   1   0   1   3  26   1   3   0   6   0   1   3   2]
 [  0   4   2   8  10 509  10   1  11   5   9  18   1   8  10   1  10   1]
 [  0   0   0   0   0   0  59   0   0   0   1   1   0   0   0   0   1   0]
 [  0   0   0   0   0   0   0  30   0   0   1   0   0   3   1   0   0   0]
 [  0   0   0   1   0   0   1   0  66   1   1   6   1   1   0   2   1   1]
 [  0   1   0   0   1   0   0   0   0  47   0   1   0   0   0   0   0   0]
 [  0   1   0   0   0   1   1   0   0   0 110   2   0   0   0   1   0   0]
 [  1   0   0   2   2   7   4   3   4   2   5 201   0   5   1   4  10   0]
 [  0   0   0   1   0   0   1   0   1   0   0   4  71   1   0   4   0   1]
 [  0   1   0   2   0   2   1   0   5   1   3   5   0  43   1   0   0   1]
 [  0   0   0   0   0   0   0   0   0   0   4   1   0   0  20   0   2   0]
 [  0   0   0   6   2   1   1   0   2   0   0   5   2   0   0 141   2   1]
 [  0   0   0   1   1   0   0   0   0   1   4   1   1   3   1   0  80   0]
 [  0   0   0   1   0   0   0   0   0   0   0   0   0   3   0   0   1  75]]
('Model params: 271.536K', 'Model buffers: 0.000K', 'Model size: 1.036MB')

*******************************************

**************************************************
==================================================
**************************************************
