Model config for current run:
ModelConfig(model_name='Nano_Mlp_structured', embedding_dimension=64, reduced_embedding_dimension=16, number_of_heads=None, max_length=512, forward_expansion=4, num_layers=3, vocab_size=4096)
LR: 0.005
EPOCHS: 10

*******************************************

average eval loss:  0.0798
Accuracy: 0.978
F1: 0.978
Precision: 0.978
Recall: 0.978
MCC: 0.976
Confusion matrix:
 [[4713   43   13    7   14   67   61   11    1    5    7   17    8   33]
 [  41 4899    4    1    5    4   36    4    0    0    2    0    1    3]
 [  20    3 4803   36   76    2    3    2    0    0    3   21   10   21]
 [   4    1   21 4944   18    1    2    3    0    4    0    0    0    2]
 [   5    6   89   26 4858    6    3    2    1    1    1    1    0    1]
 [  23    1    1    3    1 4945   12    7    0    2    2    0    2    1]
 [  68   34    1    0    7   33 4787   47    6    6    3    0    1    7]
 [   3    0    1    0    0    2   17 4962   10    2    3    0    0    0]
 [   3    1    1    0    5    0   10   16 4959    1    0    1    2    1]
 [   5    0    0    0    0    6    4   14    0 4898   70    0    0    3]
 [  13    0    5    1    0    7    2    4    0   32 4934    0    0    2]
 [   2    0    9    0    0    2    1    2    0    0    0 4959   12   13]
 [   7    1    9    0    0    8    2    2    0    0    0   19 4911   41]
 [  28    8   22    3    4    8    4    2    0    0    4   17   30 4870]]
('Model params: 0.250M', 'Model buffers: 0.000M', 'Model size: 0.952MB')

*******************************************

average eval loss:  0.0736
Accuracy: 0.979
F1: 0.979
Precision: 0.979
Recall: 0.979
MCC: 0.978
Confusion matrix:
 [[4739   44   16    7   11   40   58    8    4    7    2    7   10   47]
 [  43 4897    1    0    7    2   40    2    1    2    0    2    1    2]
 [  20    3 4809   23   80    1    5    1    0    2    0   19    8   29]
 [   3    1   15 4956   18    0    2    2    0    0    1    0    0    2]
 [   7    5   79   14 4879    4    5    4    1    0    0    0    0    2]
 [  32    0    0    1    1 4944   12    4    0    2    0    1    2    1]
 [  56   35    2    1    7   27 4817   40    8    1    0    1    0    5]
 [   2    1    1    1    0    3   19 4958   10    3    0    0    0    2]
 [   1    0    1    0    2    0    8   12 4975    0    0    1    0    0]
 [   5    0    0    0    0    7    2   10    0 4936   39    0    0    1]
 [  17    1    1    0    2    6    1    7    0   76 4887    0    0    2]
 [   2    0   14    1    0    1    1    2    0    0    0 4958   13    8]
 [   9    0    7    0    0    5    0    0    0    2    0   17 4920   40]
 [  36    6   17    1    4    3    6    2    0    2    1    9   28 4885]]
('Model params: 0.250M', 'Model buffers: 0.000M', 'Model size: 0.952MB')

*******************************************

average eval loss:  0.0850
Accuracy: 0.976
F1: 0.976
Precision: 0.976
Recall: 0.976
MCC: 0.974
Confusion matrix:
 [[4743   41   15    8   11   38   54    9    3   10    1   10   16   41]
 [  56 4883    5    0    1    1   44    2    1    0    0    1    2    4]
 [  28    0 4810   36   60    2    3    0    0    5    1   15   13   27]
 [   8    1   28 4945   12    2    0    1    0    1    0    0    0    2]
 [   7    4  118   30 4821    3    7    2    1    2    1    0    0    4]
 [  65    1    1    0    3 4891   21    3    0    6    1    0    3    5]
 [  78   38    6    1    7   23 4790   30   11    5    1    1    3    6]
 [   8    1    1    0    0    0   41 4916   17    8    7    0    0    1]
 [   0    1    1    0    3    0   13    9 4966    2    3    1    1    0]
 [   4    0    2    0    0    7    2    5    0 4937   41    0    0    2]
 [  12    0    3    0    1    3    1    4    0   81 4889    0    1    5]
 [   3    0   12    1    0    1    0    1    0    2    0 4951   19   10]
 [   6    2    9    0    0    0    0    0    0    4    0   15 4929   35]
 [  39    6   24    2    2    3    3    1    0    4    3    7   42 4864]]
('Model params: 0.250M', 'Model buffers: 0.000M', 'Model size: 0.952MB')

*******************************************

average eval loss:  0.0776
Accuracy: 0.978
F1: 0.978
Precision: 0.978
Recall: 0.978
MCC: 0.977
Confusion matrix:
 [[4724   59   17    3   12   37   60    6    2   11    1    4   13   51]
 [  40 4907    3    0    1    2   31    4    2    2    0    0    3    5]
 [  16    4 4863   15   46    1    4    1    0    2    0    9   10   29]
 [   3    1   37 4942   10    1    1    1    0    3    0    0    0    1]
 [   7   11  116   22 4823    4    3    2    2    4    1    0    0    5]
 [  47    3    4    0    1 4924    6    2    0    4    0    1    3    5]
 [  62   46    6    1    5   21 4810   26    7    2    1    0    1   12]
 [   2    2    1    0    1    3   38 4932   14    3    3    1    0    0]
 [   2    2    0    0    0    0   12    9 4971    1    0    1    2    0]
 [   1    0    1    0    0    3    2    7    0 4957   26    2    0    1]
 [  16    2    3    0    0    5    0    0    0   80 4889    1    0    4]
 [   7    0   18    1    0    4    1    1    0    2    1 4932   17   16]
 [   5    4   12    1    0    2    1    1    0    1    0   15 4917   41]
 [  24    8   28    1    4    2    4    0    0    2    1    6   32 4888]]
('Model params: 0.250M', 'Model buffers: 0.000M', 'Model size: 0.952MB')

*******************************************

average eval loss:  0.0833
Accuracy: 0.976
F1: 0.976
Precision: 0.976
Recall: 0.976
MCC: 0.975
Confusion matrix:
 [[4725   53   13    7   13   44   57    6    5    7    2    7   10   51]
 [  40 4904    3    0    4    1   39    0    2    0    1    1    0    5]
 [  23    2 4815   26   71    1    4    0    0    3    0   13   12   30]
 [   6    1   46 4919   15    6    0    2    0    3    0    0    0    2]
 [   5    3  105   14 4863    4    2    0    2    1    0    0    0    1]
 [  59    1    2    1    3 4904   11    4    0    8    0    1    4    2]
 [  66   46    4    1    9   35 4796   24    8    2    1    0    1    7]
 [   2    4    1    0    3    4   38 4917   16   10    3    1    0    1]
 [   1    3    1    0    3    1   10    4 4976    0    0    1    0    0]
 [   4    0    1    0    1    9    3    6    0 4941   34    0    0    1]
 [  15    0    5    0    2    5    2    3    0   83 4879    2    2    2]
 [   7    0   23    1    0    5    0    0    0    2    0 4921   17   24]
 [   5    1    9    0    0    6    0    0    0    4    1   18 4931   25]
 [  28    8   30    2    5    7    4    1    0    3    1    9   47 4855]]
('Model params: 0.250M', 'Model buffers: 0.000M', 'Model size: 0.952MB')

*******************************************

