Model config for current run:
ModelConfig(model_name='Nano_Mlp_structured', embedding_dimension=128, reduced_embedding_dimension=16, number_of_heads=None, max_length=512, forward_expansion=2, num_layers=1, vocab_size=4096)
LR: 0.01
EPOCHS: 10

*******************************************

average eval loss:  0.5943
Accuracy: 0.846
F1: 0.841
Precision: 0.848
Recall: 0.846
MCC: 0.826
Confusion matrix:
 [[ 68   0   0   2   0   1   0   2   0   0   0   0   0   0   0   0   0   0]
 [  0  27   3   0   5   4   0   0   0   0   0   0   0   0   0   0   0   0]
 [  0   0 125   1   0   2   0   3   0   0   1   1   1   0   0   1   0   0]
 [  1   0   0 276   2  15   4   0   0   0   1   3   0   2   0   8   2   3]
 [  0   0   2   3 242   7   0   0   1   1   0   0   0   1   0   4   1   0]
 [  1   0   1   6   2 583   0   1   3   1   3  18   1   2   1   4   0   0]
 [  0   0   0   2   0   2  51   0   0   0   1   3   0   0   0   0   2   0]
 [  1   0   0   0   1   2   0  23   0   0   0   0   1   2   0   1   0   0]
 [  0   0   1   5   0  11   0   0  55   0   0   5   0   1   1   2   1   0]
 [  0   0   0   0  31   4   1   0   0  20   0   0   0   0   0   0   0   0]
 [  0   0   1   0   1  13   0   1   0   0  78   2   0   0   0   5   0   0]
 [  0   0   1   3   1  29   1   0   4   0   2 192   3   3   0   9   0   1]
 [  0   0   0   0   1   6   0   0   1   0   0   3  55   0   0   1   0   1]
 [  0   0   0   6   2  10   0   4   0   1   2   7   0  35   0   2   1   2]
 [  0   0   0   1   0   6   0   1   0   1   1   6   1   3  27   2   1   0]
 [  0   0   0   1   1   3   0   0   0   0   0   4   0   0   0 167   1   0]
 [  0   0   0   0   1   1   0   0   1   0   0   4   0   1   0   0  73   0]
 [  0   0   0   3   3   3   0   0   0   0   0   0   0   0   0   2   2  78]]
('Model params: 0.235M', 'Model buffers: 0.000M', 'Model size: 0.895MB')

*******************************************

average eval loss:  0.7378
Accuracy: 0.820
F1: 0.805
Precision: 0.827
Recall: 0.820
MCC: 0.797
Confusion matrix:
 [[ 58   0   0   7   0   4   0   0   2   0   1   0   1   0   0   0   0   0]
 [  0  26   2   0   4   6   0   0   1   0   0   0   0   0   0   0   0   0]
 [  0   1 121   0   2   4   0   2   1   0   0   0   1   0   0   0   2   1]
 [  2   0   0 278   4   8   1   0   2   0   2   4   7   0   0   8   1   0]
 [  0   0   0   2 240  10   0   0   1   3   0   1   1   0   0   2   1   1]
 [  0   0   0   1   3 582   1   3   6   0   5  15   4   1   0   3   1   2]
 [  0   0   1   2   0   5  45   0   1   0   3   4   0   0   0   0   0   0]
 [  0   0   0   0   0   2   0  16   0   0   5   2   3   0   0   2   0   1]
 [  0   0   0   0   2   9   0   0  63   0   0   4   1   0   0   1   1   1]
 [  0   1   1   0  34   3   0   0   0  14   0   2   0   0   0   0   0   1]
 [  0   0   0   2   1   3   1   0   0   0  87   1   3   0   0   2   0   1]
 [  0   0   0   0   3  28   0   0   3   0   2 196   6   1   0  10   0   0]
 [  0   0   0   1   1   4   0   1   0   0   0   3  58   0   0   0   0   0]
 [  1   0   0  15   4   3   1   1   5   1   4  14   0   9   0   5   7   2]
 [  1   0   0   0   0  12   0   4   0   0  15   6   0   0   9   3   0   0]
 [  0   0   0   1   0   6   0   1   0   0   0   1   3   0   0 164   1   0]
 [  0   0   0   0   0   3   0   0   0   0   0   3   0   0   0   0  75   0]
 [  0   0   0   8   2   3   0   0   2   0   0   2   3   0   0   2   0  69]]
('Model params: 0.235M', 'Model buffers: 0.000M', 'Model size: 0.895MB')

*******************************************

average eval loss:  0.7256
Accuracy: 0.803
F1: 0.782
Precision: 0.813
Recall: 0.803
MCC: 0.777
Confusion matrix:
 [[ 56   0   0   7   1   8   0   0   0   0   0   0   0   0   0   1   0   0]
 [  0  15   7   0   6  11   0   0   0   0   0   0   0   0   0   0   0   0]
 [  0   0 125   0   5   3   0   0   0   1   0   0   1   0   0   0   0   0]
 [  1   0   0 284   1   7   3   0   0   0   3   9   1   0   0   6   0   2]
 [  0   0   1   1 244   5   0   0   0   3   2   1   2   0   0   3   0   0]
 [  0   0   2   4   3 578   0   0   4   2   8  21   1   0   0   4   0   0]
 [  0   0   0   5   0   7  38   0   0   0   4   6   0   0   0   0   1   0]
 [  1   0   0   0   2   2   0  15   0   0   0   7   1   0   0   3   0   0]
 [  0   0   0   1   3  16   0   0  51   0   0   5   5   0   0   1   0   0]
 [  0   0   0   0  32   4   0   0   0  16   0   2   1   0   0   1   0   0]
 [  0   0   0   3   1   6   1   0   0   1  83   4   0   0   0   2   0   0]
 [  0   0   0   2   5  28   0   0   2   0   4 193   6   0   0   8   1   0]
 [  0   0   0   0   2   4   0   0   0   1   0   2  57   1   0   1   0   0]
 [  1   0   0  14   5   5   1   1   0   0   1  33   1   4   0   0   3   3]
 [  0   0   0   0   1  16   0   0   0   1   8  10   0   0   2  11   1   0]
 [  0   0   0   1   0   3   1   0   1   0   0   3   1   0   0 167   0   0]
 [  0   0   1   1   1   4   1   0   2   0   0   3   0   0   0   0  67   1]
 [  0   0   0   7   6   4   1   0   0   0   0   0   0   0   0   3   0  70]]
('Model params: 0.235M', 'Model buffers: 0.000M', 'Model size: 0.895MB')

*******************************************

average eval loss:  0.6994
Accuracy: 0.818
F1: 0.809
Precision: 0.815
Recall: 0.818
MCC: 0.794
Confusion matrix:
 [[ 52   0   3  11   3   0   0   0   0   0   0   0   0   0   0   2   0   2]
 [  0  17   9   0   7   6   0   0   0   0   0   0   0   0   0   0   0   0]
 [  1   0 122   2   2   3   0   1   0   0   2   2   0   0   0   0   0   0]
 [  1   0   0 280   0   8   5   0   1   3   1   5   4   1   0   4   0   4]
 [  0   0   0   4 240   8   0   0   2   0   1   1   0   0   0   3   0   3]
 [  1   3   3   6   5 575   0   2   0   1   5  25   0   0   0   0   0   1]
 [  1   0   0   3   2   4  44   0   0   1   0   6   0   0   0   0   0   0]
 [  0   0   0   1   2   3   0  10   1   2   0   9   1   1   1   0   0   0]
 [  0   1   0   1   2   6   0   0  63   0   0   7   0   0   0   1   1   0]
 [  0   0   3   1  26   3   0   0   0  19   0   2   1   0   0   0   0   1]
 [  0   0   1   4   1   5   0   0   0   0  84   4   0   0   0   2   0   0]
 [  1   0   0   4   3  21   0   0   6   3   2 195   3   1   1   6   2   1]
 [  0   0   1   0   3   5   0   0   1   0   0   2  56   0   0   0   0   0]
 [  1   0   0  11   3   6   0   0   4   1   1  20   2  19   1   0   0   3]
 [  0   0   0   2   0   7   0   0   1   1   2   4   0   5  24   1   2   1]
 [  0   0   0   0   0   2   0   0   3   0   0   2   1   0   0 167   2   0]
 [  0   0   0   2   0   2   1   1   0   0   0   1   1   1   0   1  71   0]
 [  1   2   2   5   2   4   0   0   1   0   1   2   2   0   1   2   0  66]]
('Model params: 0.235M', 'Model buffers: 0.000M', 'Model size: 0.895MB')

*******************************************

average eval loss:  0.6421
Accuracy: 0.832
F1: 0.828
Precision: 0.832
Recall: 0.832
MCC: 0.810
Confusion matrix:
 [[ 61   0   0   5   0   2   0   1   0   0   0   0   0   0   0   1   0   3]
 [  1  20   1   1   6   9   0   0   0   1   0   0   0   0   0   0   0   0]
 [  0   2 118   4   4   2   0   0   1   0   0   2   1   1   0   0   0   0]
 [  1   0   0 283   2  14   4   0   1   0   1   4   0   2   0   5   0   0]
 [  0   0   1   2 238   9   0   0   0   7   0   1   1   0   0   3   0   0]
 [  0   0   1   7   4 583   1   1   4   1   3  19   0   2   1   0   0   0]
 [  0   0   0   7   0  11  41   0   0   0   0   2   0   0   0   0   0   0]
 [  0   0   0   0   3   1   0  14   0   0   0   3   2   5   0   1   2   0]
 [  0   0   0   2   0  10   0   0  48   1   0   9   1   7   0   2   2   0]
 [  0   1   0   0  13   4   0   0   0  34   0   1   1   0   0   1   0   1]
 [  0   0   0   2   0   8   0   1   0   0  87   0   0   0   0   2   0   1]
 [  0   0   0   3   3  35   1   0   5   1   2 180   4   9   1   4   1   0]
 [  0   1   0   0   0   6   0   1   1   0   0   2  56   0   0   1   0   0]
 [  0   0   0  11   1   4   1   0   1   0   0  11   2  37   1   0   1   2]
 [  0   1   0   1   2   8   2   0   0   0   4   7   1   0  24   0   0   0]
 [  0   0   0   0   0   3   0   0   1   0   0   3   1   0   0 168   1   0]
 [  0   0   0   1   1   1   1   0   1   0   1   2   0   1   0   1  71   0]
 [  0   0   0   5   1   3   0   0   1   0   1   0   0   1   0   1   0  78]]
('Model params: 0.235M', 'Model buffers: 0.000M', 'Model size: 0.895MB')

*******************************************

**************************************************
==================================================
**************************************************
