Model config for current run:
ModelConfig(model_name='Mlp_structured', embedding_dimension=64, reduced_embedding_dimension=16, number_of_heads=None, max_length=512, forward_expansion=8, num_layers=1, vocab_size=4096)
LR: 0.01
EPOCHS: 10

*******************************************

average eval loss:  0.0731
Accuracy: 0.980
F1: 0.980
Precision: 0.980
Recall: 0.980
MCC: 0.978
Confusion matrix:
 [[4727   52   16    6    5   40   69    6    3    7    3    7    7   52]
 [  44 4909    3    0    6    0   30    2    1    0    0    0    0    5]
 [  22    1 4820   40   55    3    5    1    0    0    1   15   13   24]
 [   1    1   21 4957   13    1    0    2    0    0    0    1    1    2]
 [  10    6   93   42 4830    5    9    3    0    0    0    0    1    1]
 [  34    1    0    1    1 4942   12    4    0    0    0    2    1    2]
 [  54   27    3    1    6   26 4826   43    2    1    0    1    3    7]
 [   4    0    0    0    0    2   10 4975    4    2    1    0    0    2]
 [   2    0    1    0    2    0   11   24 4958    0    0    0    1    1]
 [   4    0    2    2    0    5    1   14    0 4929   43    0    0    0]
 [  11    0    4    0    0    4    0    7    0   47 4924    1    0    2]
 [   1    0    8    1    0    2    1    2    0    2    0 4949   23   11]
 [   5    1    6    0    0    4    0    1    0    0    0   18 4931   34]
 [  18    3   16    0    0    6    5    3    0    2    2    8   42 4895]]
('Model params: 0.395M', 'Model buffers: 0.000M', 'Model size: 1.508MB')

*******************************************

average eval loss:  0.0735
Accuracy: 0.980
F1: 0.980
Precision: 0.980
Recall: 0.980
MCC: 0.978
Confusion matrix:
 [[4760   47   13    4    7   35   60    5    3    1    4   10    7   44]
 [  48 4895    2    1    7    1   34    3    1    0    0    0    1    7]
 [  22    0 4861   30   52    1    5    1    0    1    0    9    2   16]
 [   1    1   31 4955   10    0    0    2    0    0    0    0    0    0]
 [   7    5  117   27 4831    3    7    0    0    0    0    0    1    2]
 [  45    3    2    1    1 4924   16    3    0    0    0    0    3    2]
 [  62   22    3    2    3   23 4837   35    5    1    0    1    1    5]
 [   5    0    1    0    2    2   26 4950    8    4    1    0    0    1]
 [   1    1    1    0    0    0    9   15 4969    0    1    2    1    0]
 [   7    0    3    1    1    4    3   11    0 4921   47    0    0    2]
 [  19    0    4    0    0    5    1    3    0   50 4917    1    0    0]
 [   2    0   11    0    0    3    0    0    0    0    0 4958   15   11]
 [   7    3    9    0    1    2    2    1    0    1    0   18 4916   40]
 [  29    7   25    1    0    3    6    2    0    3    1    5   28 4890]]
('Model params: 0.395M', 'Model buffers: 0.000M', 'Model size: 1.508MB')

*******************************************

average eval loss:  0.0745
Accuracy: 0.979
F1: 0.979
Precision: 0.979
Recall: 0.979
MCC: 0.978
Confusion matrix:
 [[4768   51   13    8    2   31   52    9    4    5    2    7   11   37]
 [  42 4916    4    0    5    0   27    1    1    1    0    0    0    3]
 [  21    3 4835   39   63    1    5    1    1    2    1    9    5   14]
 [   2    1   24 4957   14    0    0    1    0    0    0    0    1    0]
 [   6    7  108   35 4829    3    7    0    1    2    0    1    0    1]
 [  48    0    1    3    1 4923   17    1    0    0    1    1    3    1]
 [  75   34    4    3    6   29 4806   30    4    0    1    0    2    6]
 [   7    1    0    0    1    3   22 4949    9    4    3    0    0    1]
 [   2    0    3    0    1    0    7   11 4974    0    0    1    1    0]
 [   9    0    4    1    0    2    3   15    0 4905   57    0    2    2]
 [  14    1    3    1    1    4    0    5    0   38 4932    1    0    0]
 [   2    0   10    1    0    1    0    1    0    0    1 4958   21    5]
 [   5    2    7    0    0    4    0    1    0    0    0   13 4940   28]
 [  40    7   19    1    1    3    3    2    0    3    5    7   48 4861]]
('Model params: 0.395M', 'Model buffers: 0.000M', 'Model size: 1.508MB')

*******************************************

average eval loss:  0.0688
Accuracy: 0.981
F1: 0.981
Precision: 0.981
Recall: 0.981
MCC: 0.979
Confusion matrix:
 [[4791   35    8    3    1   31   63    6    2    5    2    8    5   40]
 [  49 4883    4    3    5    1   45    1    1    0    0    0    1    7]
 [  21    3 4835   26   71    5    5    0    0    0    0   10    3   21]
 [   4    1   18 4960   15    0    0    1    0    0    0    0    0    1]
 [   9    3   98   16 4860    3    9    0    1    0    0    0    0    1]
 [  48    2    1    2    1 4925   16    1    0    2    0    1    0    1]
 [  58   24    3    1    2   18 4858   22    5    1    1    1    0    6]
 [   6    0    3    0    1    2   40 4928   14    4    1    1    0    0]
 [   1    0    1    0    1    0   11    4 4982    0    0    0    0    0]
 [   6    0    1    0    0    5    1    9    0 4933   41    1    0    3]
 [  14    0    2    1    2    2    1    1    0   56 4918    1    0    2]
 [   0    0    9    1    0    0    0    0    0    1    0 4968   10   11]
 [   8    0    7    1    0    6    0    1    0    1    0   23 4915   38]
 [  31    3   15    0    1    3    4    1    0    0    1    9   28 4904]]
('Model params: 0.395M', 'Model buffers: 0.000M', 'Model size: 1.508MB')

*******************************************

average eval loss:  0.0726
Accuracy: 0.980
F1: 0.980
Precision: 0.980
Recall: 0.980
MCC: 0.978
Confusion matrix:
 [[4783   35   15    5    7   22   65    5    2    1    3   12    4   41]
 [  48 4880    2    1    6    0   53    0    1    0    0    0    2    7]
 [  15    3 4851   27   64    0    3    2    0    1    0   12    3   19]
 [   3    1   33 4945   15    0    0    2    0    0    0    0    0    1]
 [   8    4   93   18 4864    3    6    3    1    0    0    0    0    0]
 [  65    1    0    2    1 4901   21    2    0    2    0    3    2    0]
 [  64   29    3    0    7   15 4846   22    7    2    0    0    1    4]
 [   6    0    1    0    1    2   39 4927   17    3    3    1    0    0]
 [   0    0    2    1    3    0    7   10 4976    0    0    1    0    0]
 [   4    0    1    1    1    4    5    7    0 4939   37    1    0    0]
 [  14    0    1    0    1    4    0    3    0   69 4902    2    1    3]
 [   2    0   15    1    0    2    3    0    0    1    0 4946   19   11]
 [  14    2   11    0    0    2    4    0    1    1    0   16 4914   35]
 [  32    6   17    1    2    2    9    2    0    0    4    8   25 4892]]
('Model params: 0.395M', 'Model buffers: 0.000M', 'Model size: 1.508MB')

*******************************************

**************************************************
==================================================
**************************************************
