Model config for current run:
ModelConfig(model_name='Mlp_structured', embedding_dimension=64, reduced_embedding_dimension=16, number_of_heads=None, max_length=512, forward_expansion=8, num_layers=1, vocab_size=4096)
LR: 0.01
EPOCHS: 10

*******************************************

average eval loss:  0.6140
Accuracy: 0.845
F1: 0.841
Precision: 0.845
Recall: 0.845
MCC: 0.827
Confusion matrix:
 [[ 54   0   0   3   1   2   0   0   0   1   0   1   0   0   0   0   0   0]
 [  0  29   0   0   4   4   0   0   0   0   0   0   0   0   0   0   0   0]
 [  0   0 127   0   1   0   0   0   0   0   0   0   0   0   0   0   0   0]
 [  0   0   0 285   1   4   1   1   3   0   1   1   2   0   0   0   1   6]
 [  0   0   0   2 256   2   0   0   4   2   0   2   0   0   0   0   1   1]
 [  0   2   1   7   5 527   2   0   6   0   4  15   7   2   1   3   2   0]
 [  0   0   0  11   0   2  58   1   1   0   0   2   0   0   1   0   0   0]
 [  0   0   0   0   1   3   1  30   2   1   1   6   5   1   0   1   1   0]
 [  0   1   0   4   0   6   0   1  65   0   1   3   2   5   0   4   0   0]
 [  0   1   1   1  19   2   0   0   1  26   0   1   0   1   0   0   0   1]
 [  0   1   0   3   0   4   0   1   1   0  88   3   1   1   0   1   0   0]
 [  0   0   0   3   4  25   1   2   4   0   1 183   1   3   1   1   6   1]
 [  0   0   0   3   2   6   0   0   4   0   0   2  52   1   0   3   0   1]
 [  0   0   0  11   1   8   0   0   3   0   1   8   1  31   1   1   1   2]
 [  0   0   0   0   0   5   0   0   3   0   2   7   1   2  24   0   0   1]
 [  0   0   0   3   2   1   0   0   0   0   1   3   1   0   0 167   1   2]
 [  0   0   0   2   1   4   0   0   2   0   1   6   1   0   0   0  79   1]
 [  0   0   1   5   1   2   0   0   1   0   0   0   2   0   0   0   0  92]]
('Model params: 0.396M', 'Model buffers: 0.000M', 'Model size: 1.509MB')

*******************************************

average eval loss:  0.5611
Accuracy: 0.862
F1: 0.860
Precision: 0.864
Recall: 0.862
MCC: 0.846
Confusion matrix:
 [[ 57   2   0   1   0   0   0   0   0   0   0   1   1   0   0   0   0   0]
 [  0  31   0   0   3   3   0   0   0   0   0   0   0   0   0   0   0   0]
 [  0   1 124   1   0   1   0   0   1   0   0   0   0   0   0   0   0   0]
 [  1   1   0 285   1   2   2   0   1   0   1   3   2   1   2   1   1   2]
 [  0   2   0   0 257   3   1   0   0   1   0   2   1   1   0   0   1   1]
 [  0   2   0  13   3 528   3   0   3   0   0  18   2   4   2   1   2   3]
 [  0   0   0   5   0   2  66   0   0   0   0   2   0   0   1   0   0   0]
 [  0   0   0   0   2   4   0  38   0   0   0   2   2   1   3   0   1   0]
 [  0   0   0   5   1   3   1   0  70   0   1   8   1   0   0   2   0   0]
 [  0   1   0   0  21   4   0   0   0  25   0   2   0   0   0   1   0   0]
 [  0   0   0   2   0   4   0   0   1   0  94   1   0   1   0   1   0   0]
 [  0   0   0   6   4  23   2   0   2   0   1 184   0   3   4   1   5   1]
 [  0   0   0   2   1   2   0   0   2   0   0   3  59   0   1   3   0   1]
 [  0   0   0  10   3   1   0   3   1   1   1   2   0  41   2   0   3   1]
 [  0   0   0   0   0   5   0   0   0   0   2   3   0   6  29   0   0   0]
 [  0   0   0   5   0   1   0   0   2   0   1   2   1   1   0 166   0   2]
 [  0   0   0   3   1   2   0   1   1   0   0   5   0   1   1   2  78   2]
 [  0   0   2   9   0   4   0   0   0   0   0   0   0   2   0   1   0  86]]
('Model params: 0.396M', 'Model buffers: 0.000M', 'Model size: 1.509MB')

*******************************************

average eval loss:  0.5793
Accuracy: 0.848
F1: 0.847
Precision: 0.849
Recall: 0.848
MCC: 0.831
Confusion matrix:
 [[ 55   0   0   3   1   1   0   1   0   0   0   1   0   0   0   0   0   0]
 [  2  28   1   0   3   2   0   0   0   0   0   1   0   0   0   0   0   0]
 [  0   1 126   0   1   0   0   0   0   0   0   0   0   0   0   0   0   0]
 [  0   0   0 284   1   5   2   0   3   0   3   0   2   2   0   1   1   2]
 [  0   3   2   0 254   1   0   2   1   2   0   1   0   0   0   0   2   2]
 [  0   1   1   8   4 522   5   4   4   0   1  19   0   4   4   3   1   3]
 [  0   0   0   4   0   1  59   0   0   1   4   7   0   0   0   0   0   0]
 [  0   0   2   2   2   7   0  26   2   0   1   6   0   2   1   0   1   1]
 [  0   0   0   2   1   4   0   1  69   1   1   9   1   0   0   2   0   1]
 [  0   1   0   0  15   4   0   0   1  28   0   2   0   2   0   0   0   1]
 [  0   0   0   5   1   5   1   1   1   0  86   0   0   1   0   3   0   0]
 [  0   0   0   3   3  19   3   0   5   1   0 190   0   5   2   1   4   0]
 [  0   0   0   1   0   4   0   1   2   0   0   3  57   1   1   3   0   1]
 [  0   0   0  10   0   1   0   2   3   0   1   9   0  42   1   0   0   0]
 [  0   0   0   1   0   6   0   0   1   0   2   4   0   2  29   0   0   0]
 [  0   0   0   5   0   0   0   0   1   0   1   5   0   1   0 167   0   1]
 [  0   0   0   0   1   3   0   2   0   0   0   8   1   0   2   0  78   2]
 [  0   0   0   9   1   2   0   5   1   0   0   1   0   1   0   2   0  82]]
('Model params: 0.396M', 'Model buffers: 0.000M', 'Model size: 1.509MB')

*******************************************

average eval loss:  0.5734
Accuracy: 0.861
F1: 0.859
Precision: 0.862
Recall: 0.861
MCC: 0.845
Confusion matrix:
 [[ 54   1   0   2   2   1   0   0   0   0   0   0   0   0   1   0   0   1]
 [  0  30   0   0   4   2   0   0   0   1   0   0   0   0   0   0   0   0]
 [  0   0 128   0   0   0   0   0   0   0   0   0   0   0   0   0   0   0]
 [  0   2   0 282   0   2   3   0   1   0   1   4   1   2   0   2   0   6]
 [  0   1   2   3 254   5   0   0   0   2   0   1   0   0   0   0   1   1]
 [  0   2   1   9   2 521   4   0   1   0   3  23   1   6   2   3   3   3]
 [  0   1   0   3   0   3  63   0   0   0   1   4   0   0   0   0   1   0]
 [  0   0   0   0   1   1   0  42   0   0   1   1   0   1   4   0   1   1]
 [  0   0   0   4   0   3   1   0  69   0   1   5   4   0   0   3   0   2]
 [  0   1   1   0  21   3   0   0   0  25   0   1   0   0   0   0   0   2]
 [  0   0   1   3   0   1   1   0   0   0  93   1   0   2   0   1   0   1]
 [  0   0   0   3   6  12   1   0   5   2   1 188   1   5   1   3   4   4]
 [  0   0   0   2   1   3   0   0   2   0   0   3  59   1   0   3   0   0]
 [  0   0   0   7   3   4   0   2   3   1   1   6   1  37   1   0   0   3]
 [  0   0   0   0   1   2   0   0   0   0   1   9   0   3  28   0   0   1]
 [  0   0   0   3   1   1   0   0   1   1   1   3   1   0   0 164   0   5]
 [  0   0   0   0   0   1   0   0   2   0   0   3   0   2   0   1  86   2]
 [  0   0   1   4   1   2   0   0   0   0   0   1   0   1   0   1   1  92]]
('Model params: 0.396M', 'Model buffers: 0.000M', 'Model size: 1.509MB')

*******************************************

average eval loss:  0.6889
Accuracy: 0.833
F1: 0.832
Precision: 0.838
Recall: 0.833
MCC: 0.814
Confusion matrix:
 [[ 56   0   0   1   1   1   0   0   0   0   0   2   0   1   0   0   0   0]
 [  0  31   1   0   2   3   0   0   0   0   0   0   0   0   0   0   0   0]
 [  0   1 124   0   0   0   0   1   1   0   0   1   0   0   0   0   0   0]
 [  1   0   0 278   1   4   3   3   1   0   0   3   1   0   0   3   2   6]
 [  0   3   2   0 241   5   0   4   0   3   0   5   0   1   0   2   1   3]
 [  0   1   1  10   6 523   5   7   1   0   2  20   0   0   1   2   1   4]
 [  0   0   0   7   0   2  59   1   0   0   4   3   0   0   0   0   0   0]
 [  0   0   0   0   2  12   0  28   0   1   0   6   1   2   0   0   1   0]
 [  0   0   0   1   0   3   2   2  65   0   1  14   1   1   0   2   0   0]
 [  0   1   0   0  15   3   0   3   1  29   0   1   0   0   0   0   0   1]
 [  0   0   0   8   0   4   1   1   0   0  83   2   0   2   0   1   2   0]
 [  0   0   0   2   6  20   3   3   1   1   1 188   1   3   1   3   0   3]
 [  0   0   0   2   0   4   0   1   0   0   0   2  62   0   0   3   0   0]
 [  0   0   0  11   1   4   0   5   0   2   0   8   1  34   0   0   2   1]
 [  0   0   1   0   0   6   0   1   0   0   1   4   0   3  28   0   0   1]
 [  0   0   0   4   0   0   0   1   0   0   0   3   0   1   0 172   0   0]
 [  1   0   0   6   0   2   6   4   2   0   3   7   0   3   0   3  60   0]
 [  0   1   1   8   2   2   0   3   0   1   0   3   0   0   0   1   0  82]]
('Model params: 0.396M', 'Model buffers: 0.000M', 'Model size: 1.509MB')

*******************************************

**************************************************
==================================================
**************************************************
