Model config for current run:
ModelConfig(model_name='EmbBERT-Diff-Skip', embedding_dimension=128, reduced_embedding_dimension=16, number_of_heads=0, max_length=256, forward_expansion=1, d_state=32, num_layers=4, vocab_size=8192, learning_rate=0.001)
EPOCHS: 20

*******************************************

average eval loss:  1.0267
Accuracy: 0.732
F1: 0.746
Precision: 0.782
Recall: 0.732
MCC: 0.708
Confusion matrix:
 [[ 45   0   2   2   0   0   0   0   3   0   1   1   0   1   0   0   1   1]
 [  0  31   2   1   0   0   0   0   0   3   1   0   0   0   0   0   0   0]
 [  1   2 113   0   1   0   0   2   0   3   1   6   1   0   5   0   1   0]
 [  4   2   0 168   2   0  13   3   5   7  15  13   4  15   5   3   1   2]
 [  0   3   9   2 180   1   0   0   1  25   0  12   4   4   0   0  13   0]
 [  2   8   6   8   2 453   7   5   9  12   7  29  14   7   7   0   6   0]
 [  0   0   0   0   1   0  52   0   2   2   4   8   0   1   0   0   1   0]
 [  0   0   0   0   1   0   0  34   0   1   0   1   0   1   0   0   0   0]
 [  1   1   0   1   2   0   0   3  58   1   0  11   6   3   1   0   0   0]
 [  0   1   3   2   4   0   0   0   2  42   0   5   0   2   1   1   0   0]
 [  1   1   1   2   0   1   2   0   2   1  90   5   0   1   4   1   1   0]
 [  3   3   4   3   2   2   5   0   9   4   2 170  13  12  13   0   2   1]
 [  0   2   1   0   0   0   0   4   3   0   0   1  67   2   4   0   1   0]
 [  0   1   0   5   0   0   1   8   4   2   0   8   4  31   7   0   0   0]
 [  1   0   1   1   1   0   0   3   1   0   1   2   1   1  30   1   0   0]
 [  3   0   1   4   0   0   0   2   5   4   5   9   5   1   3 147   1   0]
 [  2   0   1   3   1   0   0   1   1   2   5  11   6   3   4   0  84   0]
 [  2   0   1   5   0   0   0   1   2   1   1   4   1   1   1   0   0  88]]
('Model params: 359.570K', 'Model buffers: 0.000K', 'Model size: 1.372MB')

*******************************************

average eval loss:  0.7502
Accuracy: 0.795
F1: 0.801
Precision: 0.820
Recall: 0.795
MCC: 0.776
Confusion matrix:
 [[ 55   0   0   0   0   0   0   0   0   0   0   0   1   1   0   0   0   0]
 [  1  31   1   0   2   0   0   0   0   1   0   1   0   0   0   0   0   1]
 [  1   7 121   1   2   0   1   0   0   0   0   1   0   0   0   0   0   2]
 [  4   0   0 211   2   0   7   1   2   0   4   8   3   9   4   2   0   5]
 [  3   8   3   2 185   2   0   1   3  24   2   5   3   3   2   4   3   1]
 [  2   4   4  13   3 465   1   4   8   4   5  29   5   8  12   7   3   5]
 [  0   1   0   1   0   0  56   0   1   0   3   9   0   0   0   0   0   0]
 [  0   0   0   0   0   0   0  35   0   0   1   0   0   1   1   0   0   0]
 [  0   1   0   0   1   1   0   0  64   2   2   8   2   5   0   2   0   0]
 [  0   3   0   1   4   1   1   0   1  46   1   3   0   0   1   1   0   0]
 [  0   0   1   1   1   0   3   1   1   0  97   3   1   1   0   2   1   0]
 [  2   6   2   8   1   3   6   5   4   3   5 181   2   5   6   2   3   4]
 [  0   0   1   3   0   0   0   2   0   1   0   1  71   1   1   1   1   2]
 [  0   0   0   4   0   0   0   6   1   0   3   3   3  48   3   0   0   0]
 [  0   0   0   1   1   1   0   0   1   0   1   2   0   1  35   0   1   0]
 [  0   3   1   4   0   1   0   4   1   0   3   8   5   1   4 151   3   1]
 [  4   2   1   3   0   0   0   3   1   0   1   4   0   3   3   0  99   0]
 [  2   0   1   4   0   0   0   1   1   0   0   1   0   1   2   1   1  93]]
('Model params: 359.570K', 'Model buffers: 0.000K', 'Model size: 1.372MB')

*******************************************

average eval loss:  0.8063
Accuracy: 0.784
F1: 0.790
Precision: 0.808
Recall: 0.784
MCC: 0.764
Confusion matrix:
 [[ 54   0   0   1   0   0   1   0   0   0   0   0   1   0   0   0   0   0]
 [  0  33   0   0   3   0   1   0   0   0   1   0   0   0   0   0   0   0]
 [  1   6 115   0   7   0   2   1   0   1   0   0   2   0   0   0   0   1]
 [  0   0   1 213   0   0  10   2   0   2   2   7   5   7   2   2   2   7]
 [  1   5   6   1 216   2   0   0   2  10   1   1   3   2   0   1   1   2]
 [  4  10   6   6   7 464  10   1   6  13   6  12   4   6  10   8   6   3]
 [  0   2   1   0   0   0  58   0   2   1   0   3   1   0   1   0   2   0]
 [  0   0   1   0   0   0   0  34   0   1   0   0   0   1   0   0   0   1]
 [  0   4   0   0   0   1   2   0  60   0   3  10   3   1   0   4   0   0]
 [  0   4   0   0   4   0   0   0   0  45   0   4   1   0   0   1   0   4]
 [  1   1   1   1   1   2   2   2   2   2  91   1   1   0   4   1   0   0]
 [  1   3   1   2   1   3  24   2  17   5   1 159   4  13   2   0   5   5]
 [  1   0   1   0   5   0   0   1   4   0   0   0  65   1   0   5   1   1]
 [  0   0   0   6   1   1   0   4   6   3   0  11   2  34   1   0   0   2]
 [  0   0   1   0   0   0   1   1   0   1   0   0   1   1  34   0   4   0]
 [  1   3   1   6   1   1   1   1   3   0   2   3   6   0   2 154   2   3]
 [  2   2   0   5   1   3   6   0   1   0   2   2   1   0   1   1  97   0]
 [  2   2   0   4   1   1   0   1   0   5   0   1   0   0   0   1   0  90]]
('Model params: 359.570K', 'Model buffers: 0.000K', 'Model size: 1.372MB')

*******************************************

average eval loss:  0.8355
Accuracy: 0.764
F1: 0.775
Precision: 0.806
Recall: 0.764
MCC: 0.743
Confusion matrix:
 [[ 55   0   1   0   0   0   0   0   0   0   0   0   0   0   0   1   0   0]
 [  0  30   2   2   0   0   0   2   0   1   0   0   0   0   1   0   0   0]
 [  1   6 117   2   2   0   0   0   1   2   0   0   1   0   3   0   1   0]
 [  2   4   2 174   2   0   9   5   4   1   9   5   5  17  12   3   5   3]
 [  1   3  13   1 204   0   1   0   5  12   0   1   4   2   2   1   3   1]
 [  3   5   6  14   6 456   3  10  12   3   7  14  14  10  14   1   3   1]
 [  0   0   0   2   0   0  58   0   0   1   1   5   1   3   0   0   0   0]
 [  0   0   0   0   0   0   0  32   0   0   1   0   0   4   0   0   1   0]
 [  0   0   0   0   2   0   0   0  67   0   0   7   4   5   2   1   0   0]
 [  0   5   3   0   4   0   0   0   1  43   2   3   0   0   0   1   1   0]
 [  2   2   2   4   0   1   2   2   0   0  86   2   0   5   3   1   1   0]
 [  1   1   2   4   1   2   6   6  16   4   4 168   3  12  13   2   2   1]
 [  0   0   1   2   0   0   0   4   6   0   0   1  66   1   1   1   2   0]
 [  0   0   0   2   0   0   0   6   6   0   0   6   1  44   4   0   2   0]
 [  0   0   0   2   0   0   0   0   0   0   0   4   1   3  33   0   0   1]
 [  1   2   3   4   1   1   0   3   3   0   5   4   4   0   5 152   2   0]
 [  0   1   1   2   0   1   1   6   5   0   0   7   1   7   3   1  87   1]
 [  1   0   3   3   3   0   0   1   1   0   0   2   0   1   1   0   0  92]]
('Model params: 359.570K', 'Model buffers: 0.000K', 'Model size: 1.372MB')

*******************************************

average eval loss:  0.8684
Accuracy: 0.764
F1: 0.774
Precision: 0.799
Recall: 0.764
MCC: 0.742
Confusion matrix:
 [[ 55   0   0   1   0   0   0   0   0   0   0   0   0   1   0   0   0   0]
 [  0  31   1   2   0   0   2   1   0   1   0   0   0   0   0   0   0   0]
 [  2   7 109   0   3   0   1   1   1   0   0   1   5   1   4   0   1   0]
 [  3   1   0 199   1   1   7   1   3   5   6   4   7  13   8   1   1   1]
 [  1   9   7   1 192   0   3   3   1  16   2   6   5   3   0   3   2   0]
 [  1   9   2  11   8 463  12   5   5   6   6  16  16   7  10   1   3   1]
 [  0   1   0   0   1   0  61   0   0   0   2   2   0   2   0   2   0   0]
 [  0   0   1   0   0   0   0  34   1   0   0   0   1   0   1   0   0   0]
 [  0   1   1   0   0   0   6   0  57   1   1  13   2   3   1   1   1   0]
 [  0   3   1   0   8   0   2   0   1  41   0   1   2   1   0   2   1   0]
 [  0   0   2   3   0   1   5   0   1   1  91   2   2   0   0   2   2   1]
 [  1   4   0   5   3   1  18   5   2   2   1 171   3   7   9   5  10   1]
 [  0   0   0   3   2   0   0   1   5   1   0   1  61   1   3   1   6   0]
 [  0   2   0   4   0   0   8   0   6   1   1   8   4  29   3   1   2   2]
 [  1   0   1   0   0   0   0   0   0   0   0   3   1   2  35   0   0   1]
 [  1   2   0   3   1   1   1   1   2   0   5  10   5   0   4 154   0   0]
 [  0   2   0   4   0   1   2   2   2   0   2   6   4   1   1   3  94   0]
 [  1   2   0   5   2   1   0   2   0   5   0   2   0   0   0   0   0  88]]
('Model params: 359.570K', 'Model buffers: 0.000K', 'Model size: 1.372MB')

*******************************************

**************************************************
==================================================
**************************************************
