Model config for current run:
ModelConfig(model_name='Nano_Bert_Efficient_long', embedding_dimension=64, reduced_embedding_dimension=16, number_of_heads=1, max_length=256, forward_expansion=2, d_state=None, num_layers=10, vocab_size=8192, learning_rate=0.001)
EPOCHS: 20

*******************************************

average eval loss:  0.6294
Accuracy: 0.837
F1: 0.842
Precision: 0.854
Recall: 0.837
MCC: 0.821
Confusion matrix:
 [[ 50   0   0   1   0   0   0   0   0   0   0   0   0   0   0   0   0   0]
 [  0  31   0   0   1   0   0   0   0   0   0   1   0   0   1   0   0   0]
 [  0   2 114   1   1   0   2   0   0   0   1   0   2   0   0   0   0   0]
 [  2   0   0 258   2   1   5   0   2   1   0   7   2   5   2   3   0   1]
 [  1  10   5   5 232   2   0   2   3  16   0   2   1   2   1   2   1   1]
 [  0   8   2   7   6 475   0   5   7   3   5  27   3  12   8   2   6   0]
 [  0   0   0   2   0   0  72   0   1   0   0   4   0   0   0   0   0   0]
 [  0   0   0   1   0   0   0  37   0   0   0   2   0   2   0   0   0   0]
 [  0   0   1   2   1   0   0   0  64   1   1   6   1   1   1   0   2   0]
 [  1   1   0   1   0   1   0   1   1  47   0   4   1   1   0   1   0   0]
 [  0   0   2   4   0   2   1   0   0   0  98   2   1   1   2   0   2   0]
 [  1   0   0   5   0   4   3   2   6   4   4 171   5  12  10   0   5   1]
 [  0   1   1   1   0   1   0   0   4   1   0   0  69   0   0   2   0   1]
 [  1   0   0   8   0   1   0   1   5   1   0   1   0  63   0   0   1   1]
 [  0   0   1   0   0   1   0   1   1   0   1   2   0   0  34   0   1   1]
 [  0   0   0   5   3   1   0   0   1   0   0   8   2   2   0 146   0   2]
 [  0   0   0   2   0   1   1   0   1   0   0   3   0   4   3   0  97   0]
 [  0   1   0   2   0   1   1   1   0   1   1   5   0   1   1   0   1  96]]
('Model params: 390.098K', 'Model buffers: 0.000K', 'Model size: 1.488MB')

*******************************************

average eval loss:  0.7006
Accuracy: 0.821
F1: 0.829
Precision: 0.848
Recall: 0.821
MCC: 0.804
Confusion matrix:
 [[ 51   0   0   0   0   0   0   0   0   0   0   0   0   0   0   0   0   0]
 [  0  27   0   0   2   1   0   0   0   3   0   1   0   0   0   0   0   0]
 [  0   2 109   2   1   0   3   0   0   1   1   1   0   0   2   1   0   0]
 [  1   0   0 246   1   0   9   0   2   3   1   9   3   8   4   2   0   2]
 [  1   2   4   4 225   1   1   0   6  25   3   4   0   3   6   0   1   0]
 [  1   4   3   8   5 469   2   1   5   3   3  44   1   8  11   3   2   3]
 [  0   0   0   1   0   0  72   0   2   0   1   2   0   1   0   0   0   0]
 [  0   0   0   1   1   0   1  35   1   0   0   0   0   3   0   0   0   0]
 [  0   0   1   2   0   0   0   0  60   1   0   8   1   2   2   1   2   1]
 [  0   1   0   0   0   1   0   0   1  45   0   8   1   0   0   1   0   2]
 [  0   0   0   2   1   0   4   0   1   0 102   3   1   0   1   0   0   0]
 [  1   0   0   1   1   1   2   4   7   3   1 176   9   9  13   1   2   2]
 [  0   0   0   0   1   0   0   0   2   0   0   1  71   0   0   4   1   1]
 [  0   0   0   3   1   0   0   1   3   1   0   7   0  61   2   0   3   1]
 [  0   1   0   1   0   0   0   0   0   0   0   1   0   2  37   0   0   1]
 [  0   0   0   3   1   1   1   1   0   0   2  10   2   2   6 138   1   2]
 [  0   1   0   1   0   1   1   0   1   0   0  10   1   1   2   0  93   0]
 [  0   0   0   2   1   0   0   2   0   0   0   2   4   0   2   4   0  95]]
('Model params: 390.098K', 'Model buffers: 0.000K', 'Model size: 1.488MB')

*******************************************

average eval loss:  0.6634
Accuracy: 0.832
F1: 0.838
Precision: 0.852
Recall: 0.832
MCC: 0.816
Confusion matrix:
 [[ 49   0   0   1   0   0   0   0   0   0   0   0   0   0   0   0   0   1]
 [  0  28   0   0   3   1   0   0   0   1   0   1   0   0   0   0   0   0]
 [  0   2 110   1   1   0   2   0   0   2   2   0   0   0   2   1   0   0]
 [  2   0   0 251   1   1   6   0   0   4   9   2   0  11   0   2   1   1]
 [  2   3   4   2 241   1   0   0   1  17   1   4   1   4   0   4   0   1]
 [  0   6   6   9   4 470   2   1   6  10   9  29   0   5   6   9   3   1]
 [  0   0   0   1   0   0  74   0   0   0   1   2   0   0   0   0   1   0]
 [  1   0   0   0   0   1   1  37   1   0   0   1   0   0   0   0   0   0]
 [  0   0   0   0   1   0   0   0  59   1   1   6   2   3   2   2   4   0]
 [  0   1   0   0   6   0   0   0   0  47   0   3   0   2   0   1   0   0]
 [  0   1   0   1   0   0   3   0   0   2 106   1   0   0   1   0   0   0]
 [  0   2   0   3   2   2   6   1   2   5   9 172   4   9  11   3   2   0]
 [  0   0   0   4   1   0   1   0   1   1   1   0  67   1   1   2   1   0]
 [  0   1   0   5   2   0   0   0   2   4   2   3   0  58   1   2   2   1]
 [  0   0   1   0   0   0   1   0   0   0   2   3   0   0  34   1   0   1]
 [  0   1   0   6   1   0   0   0   0   1   3   4   0   3   1 150   0   0]
 [  0   0   0   3   1   1   0   0   1   0   1   2   1   6   2   0  94   0]
 [  0   0   0   3   1   1   0   0   0   4   2   2   0   2   0   3   0  94]]
('Model params: 390.098K', 'Model buffers: 0.000K', 'Model size: 1.488MB')

*******************************************

average eval loss:  0.6442
Accuracy: 0.840
F1: 0.845
Precision: 0.860
Recall: 0.840
MCC: 0.824
Confusion matrix:
 [[ 50   0   0   1   0   0   0   0   0   0   0   0   0   0   0   0   0   0]
 [  0  26   2   0   1   0   0   0   1   2   0   2   0   0   0   0   0   0]
 [  0   1 116   0   0   0   1   0   1   0   1   0   2   1   0   0   0   0]
 [  3   1   2 244   1   1  10   0   2   4   1   3   2  12   0   3   0   2]
 [  0   1  12   3 229   3   1   2   1  22   3   3   0   2   2   0   1   1]
 [  0   3   3   7   6 484   2   0   5   4   3  25   6  16   8   0   4   0]
 [  0   0   0   0   0   0  70   0   0   1   2   4   0   1   0   1   0   0]
 [  0   0   0   1   0   0   0  34   1   0   0   0   0   4   2   0   0   0]
 [  0   0   0   0   0   2   0   0  64   0   0   5   5   2   1   0   2   0]
 [  0   1   2   0   4   1   0   0   1  46   0   0   1   1   0   1   1   1]
 [  0   0   0   1   0   1   1   0   0   1 102   0   0   5   2   0   2   0]
 [  0   0   0   2   0   4   4   0   4   4   0 184   5  12  11   1   1   1]
 [  0   1   1   0   2   1   0   0   2   0   0   2  69   1   0   0   1   1]
 [  0   0   1   2   1   2   0   0   6   1   0   4   1  64   0   0   0   1]
 [  0   1   0   1   0   0   0   0   0   0   2   1   3   2  33   0   0   0]
 [  0   0   0   4   1   1   0   0   1   0   2   7   5   3   1 143   0   2]
 [  0   0   0   0   0   1   0   0   1   1   1   1   1   1   1   0 104   0]
 [  0   0   1   5   1   1   0   0   2   0   0   2   1   0   0   1   0  98]]
('Model params: 390.098K', 'Model buffers: 0.000K', 'Model size: 1.488MB')

*******************************************

average eval loss:  0.6222
Accuracy: 0.832
F1: 0.837
Precision: 0.851
Recall: 0.832
MCC: 0.816
Confusion matrix:
 [[ 51   0   0   0   0   0   0   0   0   0   0   0   0   0   0   0   0   0]
 [  1  24   0   0   7   0   0   0   0   1   0   0   0   1   0   0   0   0]
 [  0   0 110   0   4   0   2   0   1   2   2   0   0   1   1   0   0   0]
 [  5   1   0 248   3   0   5   1   2   2   0   7   6   7   0   3   0   1]
 [  0   2   5   2 241   0   1   0   1  20   0   3   3   4   0   1   1   2]
 [  1   3   1  10   3 466   2   3  13   7   8  30   2  14   5   5   3   0]
 [  0   0   0   2   1   0  70   1   1   0   0   4   0   0   0   0   0   0]
 [  0   0   0   0   0   0   0  34   0   0   0   1   1   4   2   0   0   0]
 [  0   0   1   0   1   0   0   0  64   1   0   6   3   3   0   0   2   0]
 [  0   0   1   1   3   0   0   0   0  50   0   4   0   1   0   0   0   0]
 [  0   0   0   3   2   0   2   0   0   0 102   0   2   3   1   0   0   0]
 [  0   1   1   5   4   3   3   1   6   2   2 176   7  16   3   0   1   2]
 [  0   0   0   0   0   0   1   0   3   0   0   1  74   0   0   1   0   1]
 [  0   0   0   6   2   0   0   1   5   2   0   5   1  58   0   0   1   2]
 [  0   0   0   1   0   0   0   1   0   0   2   3   1   0  35   0   0   0]
 [  0   0   0   2   2   1   2   0   0   1   0   6   9   0   0 146   1   0]
 [  0   0   0   2   0   1   1   0   2   1   1   2   0   3   1   0  98   0]
 [  1   1   1   5   1   0   0   1   2   0   0   2   1   1   1   1   1  93]]
('Model params: 390.098K', 'Model buffers: 0.000K', 'Model size: 1.488MB')

*******************************************

**************************************************
==================================================
**************************************************
