MODEL: ClassifierV9
DATASET: bull
VOCAB_SIZE: 4096
EMBED_DIM: 128
FORWARD_EXPANSION: 0.5
MAX_LENGTH: 512
LAYERS: 1
REDUCED_EMBEDDING_DIM: 16
LR: 0.0002
EPOCHS: 20

              precision    recall  f1-score   support

           0       0.47      0.70      0.56       792
           1       0.61      0.41      0.49       761
           2       0.98      0.96      0.97       780
           3       0.93      0.94      0.94       799
           4       0.98      0.97      0.97       805
           5       0.92      0.76      0.83       833

    accuracy                           0.80      4770
   macro avg       0.81      0.79      0.80      4770
weighted avg       0.82      0.80      0.80      4770

Confusion matrix:
[[556 163   4  34  11  24]
 [404 315   2  13   4  23]
 [ 16   6 751   2   1   4]
 [ 33   4   4 755   1   2]
 [ 17   5   1   0 780   2]
 [164  20   7   6   0 636]]

*******************************************

MODEL: ClassifierV9
DATASET: bull
VOCAB_SIZE: 4096
EMBED_DIM: 128
FORWARD_EXPANSION: 0.5
MAX_LENGTH: 512
LAYERS: 1
REDUCED_EMBEDDING_DIM: 16
LR: 0.0002
EPOCHS: 20

              precision    recall  f1-score   support

           0       0.96      0.96      0.96       789
           1       0.97      0.97      0.97       820
           2       0.61      0.30      0.40       787
           3       0.93      0.92      0.93       751
           4       0.92      0.79      0.85       811
           5       0.48      0.79      0.59       812

    accuracy                           0.79      4770
   macro avg       0.81      0.79      0.78      4770
weighted avg       0.81      0.79      0.78      4770

Confusion matrix:
[[759   3   8   3   3  13]
 [  2 793   9   1   1  14]
 [  8   4 238  11  28 498]
 [  9   3   8 691   6  34]
 [  8   2  19   3 643 136]
 [  5  13 107  34  15 638]]


*********************************************************************************************************************************

#################################################################################################################################

*********************************************************************************************************************************
MODEL: ClassifierV9
DATASET: bull
VOCAB_SIZE: 4096
EMBED_DIM: 128
FORWARD_EXPANSION: 4
MAX_LENGTH: 128
LAYERS: 1
REDUCED_EMBEDDING_DIM: 16
LR: 0.0002
EPOCHS: 20

Avg loss: 1.172297593752543
              precision    recall  f1-score   support

           0       0.95      0.95      0.95       805
           1       0.88      0.85      0.86       759
           2       0.97      0.97      0.97       829
           3       0.54      0.68      0.60       822
           4       0.97      0.97      0.97       767
           5       0.64      0.49      0.55       788

    accuracy                           0.82      4770
   macro avg       0.82      0.82      0.82      4770
weighted avg       0.82      0.82      0.82      4770

Confusion matrix:
[[766   7   0  16  11   5]
 [  3 642   0  90   1  23]
 [  0   2 802  15   2   8]
 [ 31  36  17 559   4 175]
 [  3   0   4   8 746   6]
 [  3  42   7 343   8 385]]

*******************************************

MODEL: ClassifierV9
DATASET: bull
VOCAB_SIZE: 4096
EMBED_DIM: 128
FORWARD_EXPANSION: 4
MAX_LENGTH: 128
LAYERS: 1
REDUCED_EMBEDDING_DIM: 16
LR: 0.0002
EPOCHS: 20

Avg loss: 1.171511042912801
              precision    recall  f1-score   support

           0       0.52      0.67      0.58       798
           1       0.95      0.94      0.94       787
           2       0.62      0.50      0.55       787
           3       0.98      0.97      0.97       803
           4       0.97      0.98      0.98       798
           5       0.91      0.82      0.86       797

    accuracy                           0.81      4770
   macro avg       0.82      0.81      0.82      4770
weighted avg       0.82      0.81      0.82      4770

Confusion matrix:
[[536  32 184   5  13  28]
 [ 32 743   5   5   2   0]
 [345   6 390   3   6  37]
 [ 15   4   5 778   1   0]
 [  9   0   3   0 783   3]
 [102   1  40   2   0 652]]

*********************************************************************************************************************************

#################################################################################################################################

*********************************************************************************************************************************


MODEL: ClassifierV9
DATASET: bull
VOCAB_SIZE: 16384
EMBED_DIM: 128
FORWARD_EXPANSION: 0.5
MAX_LENGTH: 128
LAYERS: 1
REDUCED_EMBEDDING_DIM: 16
LR: 0.0002
EPOCHS: 20

Avg loss: 1.1850882267951965
              precision    recall  f1-score   support

           0       0.97      0.96      0.97       796
           1       0.60      0.30      0.40       744
           2       0.92      0.95      0.93       821
           3       0.89      0.81      0.85       818
           4       0.46      0.72      0.56       765
           5       0.96      0.95      0.96       826

    accuracy                           0.79      4770
   macro avg       0.80      0.78      0.78      4770
weighted avg       0.81      0.79      0.79      4770

Confusion matrix:
[[768   2   3   2  15   6]
 [  9 226  11  35 461   2]
 [  2   7 776   2  31   3]
 [  4  22   8 664 119   1]
 [  4 112  41  40 550  18]
 [  2   8   4   0  25 787]]

*******************************************

MODEL: ClassifierV9
DATASET: bull
VOCAB_SIZE: 16384
EMBED_DIM: 128
FORWARD_EXPANSION: 0.5
MAX_LENGTH: 128
LAYERS: 1
REDUCED_EMBEDDING_DIM: 16
LR: 0.0002
EPOCHS: 20

Avg loss: 1.1829552412033082
              precision    recall  f1-score   support

           0       0.96      0.96      0.96       782
           1       0.94      0.97      0.95       783
           2       0.83      0.86      0.85       818
           3       0.44      0.68      0.53       743
           4       0.62      0.26      0.37       789
           5       0.95      0.94      0.94       855

    accuracy                           0.78      4770
   macro avg       0.79      0.78      0.77      4770
weighted avg       0.80      0.78      0.77      4770

Confusion matrix:
[[754   4   5  12   1   6]
 [  3 759   3   9   7   2]
 [  3   5 707  84  16   3]
 [  5  36  69 504 100  29]
 [ 12   4  64 498 209   2]
 [  6   2   5  35   4 803]]

*********************************************************************************************************************************

#################################################################################################################################

*********************************************************************************************************************************


MODEL: ClassifierV9
DATASET: bull
VOCAB_SIZE: 4096
EMBED_DIM: 128
FORWARD_EXPANSION: 0.5
MAX_LENGTH: 64
LAYERS: 4
REDUCED_EMBEDDING_DIM: 16
LR: 0.0002
EPOCHS: 20

Avg loss: 1.1823315660158793
              precision    recall  f1-score   support

           0       0.97      0.96      0.96       788
           1       0.58      0.73      0.64       783
           2       0.57      0.52      0.54       792
           3       0.92      0.79      0.85       804
           4       0.94      0.94      0.94       825
           5       0.97      0.95      0.96       778

    accuracy                           0.81      4770
   macro avg       0.82      0.81      0.82      4770
weighted avg       0.83      0.81      0.82      4770

Confusion matrix:
[[755   9  11   1   6   6]
 [  3 571 181  22   3   3]
 [  8 311 413  29  28   3]
 [  2  71  88 634   6   3]
 [  2  15  25   2 777   4]
 [  9  13  10   4   6 736]]

*******************************************

MODEL: ClassifierV9
DATASET: bull
VOCAB_SIZE: 4096
EMBED_DIM: 128
FORWARD_EXPANSION: 0.5
MAX_LENGTH: 64
LAYERS: 4
REDUCED_EMBEDDING_DIM: 16
LR: 0.0002
EPOCHS: 20

Avg loss: 1.1730657013257344
              precision    recall  f1-score   support

           0       0.96      0.96      0.96       807
           1       0.95      0.95      0.95       799
           2       0.94      0.92      0.93       812
           3       0.92      0.82      0.86       847
           4       0.60      0.75      0.66       758
           5       0.58      0.52      0.55       747

    accuracy                           0.82      4770
   macro avg       0.82      0.82      0.82      4770
weighted avg       0.83      0.82      0.82      4770

Confusion matrix:
[[772  12   4   3   9   7]
 [  7 759   7   4   8  14]
 [ 13   9 744   5  12  29]
 [ 10   4   7 694  51  81]
 [  2   2   3  33 565 153]
 [  4   9  25  19 302 388]]

*******************************************

MODEL: ClassifierV9
DATASET: bull
VOCAB_SIZE: 4096
EMBED_DIM: 128
FORWARD_EXPANSION: 0.5
MAX_LENGTH: 64
LAYERS: 4
REDUCED_EMBEDDING_DIM: 16
LR: 0.0002
EPOCHS: 20

Avg loss: 1.179348680973053
              precision    recall  f1-score   support

           0       0.53      0.62      0.57       769
           1       0.97      0.96      0.96       798
           2       0.63      0.50      0.56       804
           3       0.91      0.95      0.93       812
           4       0.94      0.97      0.96       803
           5       0.87      0.84      0.85       784

    accuracy                           0.81      4770
   macro avg       0.81      0.81      0.81      4770
weighted avg       0.81      0.81      0.81      4770

Confusion matrix:
[[478  10 185  38  11  47]
 [  8 766   3  11   5   5]
 [320   9 406  12  18  39]
 [ 23   2   3 769  11   4]
 [  6   4   6   6 781   0]
 [ 67   2  44   9   6 656]]


*********************************************************************************************************************************

#################################################################################################################################

*********************************************************************************************************************************

MODEL: ClassifierV9
DATASET: bull
VOCAB_SIZE: 4096
EMBED_DIM: 128
FORWARD_EXPANSION: 2
MAX_LENGTH: 128
LAYERS: 3
REDUCED_EMBEDDING_DIM: 16
LR: 0.0002
EPOCHS: 20

Avg loss: 1.1741257095336914
              precision    recall  f1-score   support

           0       0.95      0.94      0.94       857
           1       0.61      0.50      0.55       781
           2       0.89      0.87      0.88       727
           3       0.63      0.75      0.69       827
           4       0.96      0.97      0.97       796
           5       0.96      0.97      0.96       782

    accuracy                           0.83      4770
   macro avg       0.83      0.83      0.83      4770
weighted avg       0.83      0.83      0.83      4770

Confusion matrix:
[[806  24   3  12   3   9]
 [ 33 388  42 294  14  10]
 [  1  51 632  40   2   1]
 [  3 152  31 623   9   9]
 [  3   8   1   6 775   3]
 [  3   9   3   9   3 755]]

*******************************************

MODEL: ClassifierV9
DATASET: bull
VOCAB_SIZE: 4096
EMBED_DIM: 128
FORWARD_EXPANSION: 2
MAX_LENGTH: 128
LAYERS: 3
REDUCED_EMBEDDING_DIM: 16
LR: 0.0002
EPOCHS: 20

Avg loss: 1.1651136517524718
              precision    recall  f1-score   support

           0       0.96      0.94      0.95       809
           1       0.89      0.88      0.88       854
           2       0.54      0.65      0.59       773
           3       0.99      0.96      0.97       812
           4       0.99      0.96      0.97       736
           5       0.63      0.56      0.59       786

    accuracy                           0.83      4770
   macro avg       0.83      0.83      0.83      4770
weighted avg       0.83      0.83      0.83      4770

Confusion matrix:
[[763   3  30   2   3   8]
 [  0 748  72   0   1  33]
 [ 24  36 503   8   1 201]
 [  1   1  18 782   2   8]
 [  1   2  16   0 708   9]
 [  5  49 291   1   3 437]]

*******************************************

MODEL: ClassifierV9
DATASET: bull
VOCAB_SIZE: 4096
EMBED_DIM: 128
FORWARD_EXPANSION: 2
MAX_LENGTH: 128
LAYERS: 3
REDUCED_EMBEDDING_DIM: 16
LR: 0.0002
EPOCHS: 20

Avg loss: 1.1694909795125326
              precision    recall  f1-score   support

           0       0.98      0.97      0.97       793
           1       0.89      0.83      0.86       787
           2       0.98      0.93      0.96       816
           3       0.60      0.52      0.55       768
           4       0.96      0.95      0.95       791
           5       0.60      0.76      0.67       815

    accuracy                           0.83      4770
   macro avg       0.84      0.83      0.83      4770
weighted avg       0.84      0.83      0.83      4770

Confusion matrix:
[[771   3   0   7   1  11]
 [  1 656   3  73   1  53]
 [  6   8 760  10   4  28]
 [  6  28   4 396  22 312]
 [  1   5   5  23 749   8]
 [  4  36   1 153   3 618]]

*********************************************************************************************************************************

#################################################################################################################################

*********************************************************************************************************************************


