ModelConfig(model_name='Nano_Bert_Efficient', embedding_dimension=64, reduced_embedding_dimension=16, number_of_heads=8, max_length=128, forward_expansion=2, num_layers=2, vocab_size=4096)
LR: 0.001
EPOCHS: 10

average eval loss:  1.0392
Accuracy: 0.787
F1: 0.765
Precision: 0.762
Recall: 0.787
MCC: 0.763
Confusion matrix:
 [[ 59   0   0   4   0   0   0   0   0   0   0   0   0   0   0   0   0   0]
 [  0  19  17   1   4   5   0   0   0   0   0   2   1   0   0   0   0   0]
 [  0   0 110   2   9   4   0   0   0   0   0   3   0   0   0   0   0   0]
 [  0   0   1 251   2   3   2   0   2   0   1  12   0   0   0   1   0   1]
 [  0   0   2   0 250   3   1   0   1   6   0   9   1   0   0   0   0   0]
 [  0   0   2   7   6 548   3   0   6   0   7  25   0   0   0   1   5   0]
 [  0   0   0   6   0   0  52   0   0   0  23   2   0   0   0   0   0   0]
 [  0   0   1   1   0   3   0   0   0   0   9  30   1   0   0   0   1   1]
 [  0   0   1   3   1   4   0   0  63   0   7  14   0   0   0   0   1   0]
 [  0   0   3   0  13   2   0   0   0  19   0   5   1   0   0   1   0   0]
 [  0   0   0   5   1   0   0   0   1   0  91   6   0   0   0   0   0   0]
 [  0   0   0   2   2  17   2   0   1   0   7 187   4   0   0   3   2   1]
 [  0   0   1   2   0   2   0   0   3   0   3   5  46   0   0   3   2   1]
 [  0   0   0  15   2   2   0   0  10   0  16  23   0   0   0   1   1   4]
 [  0   0   0   2   0   4   0   0   0   0   5  32   0   0   0   0   1   1]
 [  0   0   1   5   1   6   0   0   1   0   0   4   0   0   0 158   0   2]
 [  0   0   0   0   0   2   0   0   0   0   4   3   1   0   0   0  77   1]
 [  1   0   2   5   7   4   0   0   1   0   0   5   0   0   0   0   0  95]]
('Model params: 0.143M', 'Model buffers: 0.000M', 'Model size: 0.545MB')

*******************************************

ModelConfig(model_name='Nano_Bert_Efficient', embedding_dimension=64, reduced_embedding_dimension=16, number_of_heads=8, max_length=128, forward_expansion=2, num_layers=2, vocab_size=4096)
LR: 0.001
EPOCHS: 10

average eval loss:  1.0161
Accuracy: 0.788
F1: 0.753
Precision: 0.730
Recall: 0.788
MCC: 0.765
Confusion matrix:
 [[ 59   0   0   3   0   0   0   0   0   0   0   0   0   0   0   1   0   0]
 [  0   0   4   1   7   7   0   0   0   0   0  27   2   0   0   1   0   0]
 [  0   0 111   1   7   4   0   0   0   0   1   4   0   0   0   0   0   0]
 [  0   0   0 252   3   3   7   0   2   0   4   2   1   0   0   1   0   1]
 [  0   0   2   1 255   3   1   0   2   0   0   7   0   0   0   0   0   2]
 [  0   0   2   8   6 543   2   0   2   0   7  29   4   0   0   1   6   0]
 [  0   0   0   1   0   0  73   0   0   0   3   6   0   0   0   0   0   0]
 [  0   0   0   4   0   0   0   0   0   0   0   8  22   0   0   1  12   0]
 [  0   0   1   3   2   6   1   0  64   0   2  13   1   0   0   0   1   0]
 [  0   0   3   1  35   1   0   0   0   0   0   3   0   0   0   1   0   0]
 [  0   0   0   0   1   0   2   0   0   0  97   3   0   0   0   0   1   0]
 [  0   0   0   1   1  11   5   0   0   0   4 198   2   0   0   2   3   1]
 [  0   0   0   0   0   3   3   0   3   0   0   3  50   0   0   2   4   0]
 [  0   0   0  15   5   2   1   0   4   0   4  20  10   0   0   1   9   3]
 [  0   0   0   1   1   6   0   0   0   0   2  34   0   0   0   0   0   1]
 [  0   0   0   2   0   5   0   0   1   0   0   5   2   0   0 158   3   2]
 [  0   0   0   1   0   0   1   0   0   0   3   5   2   0   0   0  76   0]
 [  1   0   1   7   5   5   1   0   1   0   1   2   3   0   0   1   0  92]]
('Model params: 0.143M', 'Model buffers: 0.000M', 'Model size: 0.545MB')

*******************************************

