Model config for current run:
ModelConfig(model_name='Embedder_+_conv', embedding_dimension=192, reduced_embedding_dimension=16, number_of_heads=None, max_length=512, forward_expansion=1, num_layers=1, vocab_size=10437)
LR: 0.005
EPOCHS: 20

*******************************************

average eval loss:  0.4965
Accuracy: 0.879
F1: 0.880
Precision: 0.883
Recall: 0.879
MCC: 0.866
Confusion matrix:
 [[ 52   0   0   1   1   0   0   0   0   0   0   1   0   0   0   0   0   0]
 [  1  42   0   0   0   1   0   0   0   1   0   0   0   0   0   0   0   0]
 [  0   0 134   0   1   1   0   0   0   0   0   1   2   0   0   0   0   0]
 [  2   0   0 262   0   3   5   2   0   0   1   2   2   6   1   0   0   8]
 [  0   3   4   1 240   0   0   0   1  12   0   0   0   0   0   0   1   1]
 [  1   2   3   8   1 516   2   1   3   2   2  24   2   7   2   2   3   1]
 [  1   0   1   1   0   3  66   0   0   0   0   3   0   1   0   1   0   0]
 [  0   0   0   1   0   0   0  37   0   0   0   0   0   2   0   0   0   0]
 [  0   1   0   1   0   2   0   0  76   0   0   3   3   2   0   1   2   0]
 [  0   0   1   1   5   1   0   0   2  55   0   2   0   0   0   0   0   0]
 [  0   0   1   3   0   2   2   0   2   0  92   1   1   1   1   1   2   0]
 [  0   0   3   3   0  10   3   2   2   2   0 191   2   6   0   1   4   1]
 [  0   0   1   0   1   0   0   0   1   1   0   3  85   0   0   2   0   0]
 [  0   0   0   3   1   0   0   2   1   0   2   1   0  48   3   0   3   1]
 [  0   0   0   1   0   3   0   0   0   0   0   7   0   0  24   0   1   0]
 [  0   0   0   1   0   2   0   0   2   1   1   3   1   0   1 165   0   0]
 [  0   1   1   1   1   0   2   0   0   0   0   1   0   3   1   0  83   0]
 [  0   1   0   6   0   4   0   2   2   1   0   2   3   0   0   0   1  92]]
('Model params: 0.188M', 'Model buffers: 0.000M', 'Model size: 0.717MB')

*******************************************

average eval loss:  0.5158
Accuracy: 0.877
F1: 0.877
Precision: 0.880
Recall: 0.877
MCC: 0.863
Confusion matrix:
 [[ 52   0   1   1   0   1   0   0   0   0   0   0   0   0   0   0   0   0]
 [  0  41   0   1   1   1   0   0   0   0   0   1   0   0   0   0   0   0]
 [  1   0 132   0   3   0   0   0   0   0   0   2   0   0   0   0   0   1]
 [  0   0   2 256   0   4   6   0   1   0   6   1   2   7   1   2   2   4]
 [  0   4   1   0 241   2   0   0   1   8   0   3   0   0   1   0   1   1]
 [  1   4   2   6   2 516   0   0   2   2   5  21   1   8   4   3   4   1]
 [  1   0   0   1   0   0  70   0   0   0   0   2   1   0   0   1   1   0]
 [  0   0   0   0   0   0   0  34   0   0   0   0   1   3   0   0   2   0]
 [  0   1   0   0   2   3   2   0  73   0   1   4   2   0   0   1   2   0]
 [  0   0   0   1   3   2   1   0   1  55   0   1   0   1   0   2   0   0]
 [  0   0   1   1   1   2   0   0   1   1  95   2   1   1   0   0   3   0]
 [  0   0   0   2   3  10   2   2   2   1   1 194   1   4   1   2   4   1]
 [  0   0   0   0   2   1   0   0   1   0   0   2  87   0   0   0   0   1]
 [  0   0   0   3   0   3   0   1   0   1   0   2   1  46   1   3   4   0]
 [  0   0   0   0   0   4   0   0   0   0   2   5   0   0  23   1   1   0]
 [  0   0   0   0   0   3   1   0   2   0   0   4   1   1   0 161   2   2]
 [  0   1   1   2   0   3   0   0   0   1   0   1   0   1   0   0  83   1]
 [  0   1   0   5   0   5   0   1   1   1   1   3   0   0   0   0   0  96]]
('Model params: 0.188M', 'Model buffers: 0.000M', 'Model size: 0.717MB')

*******************************************

average eval loss:  0.5069
Accuracy: 0.872
F1: 0.874
Precision: 0.876
Recall: 0.872
MCC: 0.859
Confusion matrix:
 [[ 52   0   0   1   1   1   0   0   0   0   0   0   0   0   0   0   0   0]
 [  0  41   0   0   1   2   0   0   0   0   0   0   0   0   0   0   0   1]
 [  0   0 133   1   0   2   0   0   0   0   0   2   1   0   0   0   0   0]
 [  2   0   0 258   0   7   6   0   2   0   1   1   1   6   1   1   0   8]
 [  0   6   2   0 235   1   0   0   2  12   0   2   0   0   1   0   0   2]
 [  0   6   3  12   2 518   2   1   0   3   4  15   3   4   3   1   4   1]
 [  0   0   0   1   0   0  67   1   0   0   0   6   0   1   0   1   0   0]
 [  0   0   0   1   0   0   0  35   0   0   1   0   1   2   0   0   0   0]
 [  0   0   0   1   0   3   1   0  76   0   2   3   3   0   0   0   0   2]
 [  0   0   1   0   4   2   0   0   0  54   1   1   1   2   0   0   0   1]
 [  0   0   1   3   0   2   1   0   2   0  95   2   0   1   1   0   1   0]
 [  0   2   1   0   0  12   3   1   3   2   5 182   4   6   2   2   4   1]
 [  1   1   0   1   1   2   0   0   0   1   0   2  82   1   1   0   0   1]
 [  0   0   0   4   0   1   0   4   0   2   0   2   0  46   4   0   2   0]
 [  0   1   0   1   0   0   0   0   1   0   2   3   0   0  28   0   0   0]
 [  0   1   0   3   0   4   0   0   2   0   0   2   2   0   0 162   1   0]
 [  0   1   2   2   0   0   1   0   0   0   0   1   0   2   0   2  83   0]
 [  0   0   0   3   0   8   1   2   1   1   0   0   0   0   0   1   0  97]]
('Model params: 0.188M', 'Model buffers: 0.000M', 'Model size: 0.717MB')

*******************************************

average eval loss:  0.5233
Accuracy: 0.873
F1: 0.874
Precision: 0.876
Recall: 0.873
MCC: 0.859
Confusion matrix:
 [[ 52   0   1   1   0   0   0   0   0   0   0   0   0   0   0   1   0   0]
 [  0  41   0   0   1   3   0   0   0   0   0   0   0   0   0   0   0   0]
 [  1   0 133   1   2   0   0   0   0   0   0   1   0   0   0   0   1   0]
 [  3   0   1 258   1   9   5   0   2   0   1   0   0   5   2   0   0   7]
 [  0   5   4   0 240   1   0   0   1   8   0   0   0   1   0   1   1   1]
 [  1   1   2   8   2 518   3   1   3   2   4  16   4   8   3   3   2   1]
 [  0   2   0   1   0   0  66   0   0   0   1   1   0   1   2   2   1   0]
 [  0   1   0   0   0   0   0  39   0   0   0   0   0   0   0   0   0   0]
 [  0   1   0   3   0   2   0   1  75   0   0   2   1   2   0   2   1   1]
 [  0   0   1   0   7   0   0   0   0  54   0   1   0   1   1   1   0   1]
 [  0   0   1   1   2   4   0   0   1   1  95   1   0   3   0   0   0   0]
 [  1   0   1   4   2  15   1   2   5   2   2 178   0   9   1   2   2   3]
 [  0   1   0   1   1   0   1   0   3   0   0   3  81   1   0   2   0   0]
 [  0   0   1   2   1   1   0   1   1   0   1   3   0  49   1   1   3   0]
 [  0   0   0   2   0   4   0   0   0   0   1   4   0   1  24   0   0   0]
 [  0   0   0   2   0   3   1   1   3   0   0   1   3   0   0 162   1   0]
 [  0   0   1   1   2   1   1   0   0   0   1   1   0   3   0   0  83   0]
 [  0   0   0   6   0   3   0   0   1   1   0   0   2   3   0   0   0  98]]
('Model params: 0.188M', 'Model buffers: 0.000M', 'Model size: 0.717MB')

*******************************************

average eval loss:  0.4910
Accuracy: 0.873
F1: 0.875
Precision: 0.879
Recall: 0.873
MCC: 0.860
Confusion matrix:
 [[ 52   0   1   2   0   0   0   0   0   0   0   0   0   0   0   0   0   0]
 [  0  43   0   0   1   0   0   0   0   0   0   0   0   0   0   1   0   0]
 [  1   0 134   1   0   1   0   0   0   0   0   1   0   0   0   0   0   1]
 [  5   0   1 258   0   6   4   0   2   1   1   2   1   4   0   2   0   7]
 [  0   4   4   0 227   2   0   0   1  20   0   0   3   1   0   0   0   1]
 [  1   5   2   6   2 512   0   1   2   4   2  26   3   3   4   2   3   4]
 [  0   0   0   2   0   2  70   0   0   0   1   1   0   0   0   1   0   0]
 [  2   0   0   0   0   1   0  35   0   0   0   0   0   2   0   0   0   0]
 [  0   1   1   0   0   0   0   0  77   0   1   6   1   0   3   0   1   0]
 [  0   1   0   0   5   0   1   0   0  55   0   3   1   1   0   0   0   0]
 [  1   1   1   2   0   1   0   0   2   0  99   0   0   1   0   0   1   0]
 [  0   0   1   2   3  11   3   0   5   1   0 185   1   9   2   1   3   3]
 [  1   0   0   1   1   2   0   0   2   0   0   1  82   0   1   2   0   1]
 [  0   0   0   3   0   0   0   2   0   0   0   7   0  50   0   0   3   0]
 [  0   0   0   1   0   1   1   0   0   0   0   4   2   1  25   0   0   1]
 [  0   0   0   2   0   3   0   0   2   1   1   3   0   1   0 162   2   0]
 [  0   1   2   2   0   0   2   0   0   0   1   0   0   1   0   0  84   1]
 [  0   1   0   5   0   2   0   0   1   1   1   2   0   2   2   1   0  96]]
('Model params: 0.188M', 'Model buffers: 0.000M', 'Model size: 0.717MB')

*******************************************

**************************************************
==================================================
**************************************************
