Model config for current run:
ModelConfig(model_name='Embedder_+_conv', embedding_dimension=320, reduced_embedding_dimension=32, number_of_heads=None, max_length=256, forward_expansion=1, num_layers=1, vocab_size=8192, learning_rate=0.002, pretraining_lr=None)
EPOCHS: 30

*******************************************

average eval loss:  0.4472
Accuracy: 0.890
F1: 0.890
Precision: 0.892
Recall: 0.890
MCC: 0.877
Confusion matrix:
 [[ 54   0   0   2   0   1   0   0   0   0   0   0   0   0   0   0   0   0]
 [  0  45   0   0   2   0   0   0   0   0   0   0   0   0   0   0   0   0]
 [  0   0 133   0   6   3   0   1   1   0   0   0   0   0   0   0   0   0]
 [  2   0   0 252   1   4   4   0   1   1   0   2   0   3   0   1   2   2]
 [  0   0   0   0 249   3   1   0   3   2   0   2   3   1   0   1   0   6]
 [  2   2   0   8   2 544   2   0   9   2   3  13   3   3   8   4   2   1]
 [  0   0   0   2   0   0  74   0   0   0   2   0   0   1   0   0   2   0]
 [  0   0   0   0   0   2   0  42   0   0   0   1   0   3   0   0   0   0]
 [  0   0   0   1   0   6   1   0  62   0   2   4   0   0   0   0   1   1]
 [  0   0   0   2   6   3   0   0   0  49   0   1   0   2   0   0   0   1]
 [  0   0   0   1   0   2   0   0   0   0  93   2   0   0   0   0   0   0]
 [  2   0   0   5   1  17   1   1   3   2   3 205   1   6   4   2   2   0]
 [  0   0   0   0   1   6   0   0   2   0   1   0  64   0   0   0   0   0]
 [  0   0   0   2   0   1   0   0   0   0   0   2   0  51   0   0   2   0]
 [  0   0   0   0   0   2   0   0   0   0   0   1   0   0  44   0   1   0]
 [  1   1   0   0   0   6   0   0   2   0   1   4   2   0   0 164   1   0]
 [  0   0   0   2   1   1   0   1   1   0   1   0   0   1   0   0  78   0]
 [  0   0   0   5   1   2   0   1   0   0   0   1   0   1   0   0   1  86]]
('Model params: 302.994K', 'Model buffers: 0.000K', 'Model size: 1.156MB')

*******************************************

average eval loss:  0.4795
Accuracy: 0.894
F1: 0.895
Precision: 0.897
Recall: 0.894
MCC: 0.882
Confusion matrix:
 [[ 54   0   0   1   0   0   0   0   1   0   0   0   0   0   0   0   1   0]
 [  0  44   1   1   1   0   0   0   0   0   0   0   0   0   0   0   0   0]
 [  0   0 137   0   3   0   0   1   1   0   0   0   0   0   1   0   0   1]
 [  4   0   0 252   2   3   4   0   1   0   1   2   0   1   1   2   0   2]
 [  0   0   0   1 246   1   2   1   3   8   0   5   0   0   0   1   0   3]
 [  1   0   2  10   3 539   5   2   8   1   3  14   1   4   5   3   5   2]
 [  0   1   0   1   1   0  75   0   0   0   1   2   0   0   0   0   0   0]
 [  0   0   1   0   1   1   0  43   0   0   0   0   0   1   1   0   0   0]
 [  0   0   2   4   2   1   1   0  62   0   0   2   0   2   0   1   1   0]
 [  0   1   0   1   6   1   0   0   0  51   0   2   0   1   0   0   1   0]
 [  0   1   0   0   1   2   0   0   1   0  92   0   0   1   0   0   0   0]
 [  0   0   0   5   3   7   1   1   2   2   2 217   3   7   2   1   2   0]
 [  0   0   0   1   0   1   1   0   1   1   1   0  65   0   0   2   1   0]
 [  0   0   0   3   0   0   1   1   1   0   0   3   0  47   0   0   2   0]
 [  0   0   0   0   2   0   0   1   0   0   1   3   0   0  41   0   0   0]
 [  0   1   0   0   0   2   0   0   3   0   2   3   1   0   0 169   0   1]
 [  0   1   0   2   2   1   0   0   1   0   1   0   0   1   0   0  75   2]
 [  0   0   0   2   1   1   0   1   1   0   0   0   0   2   0   0   0  90]]
('Model params: 302.994K', 'Model buffers: 0.000K', 'Model size: 1.156MB')

*******************************************

average eval loss:  0.4317
Accuracy: 0.896
F1: 0.897
Precision: 0.899
Recall: 0.896
MCC: 0.885
Confusion matrix:
 [[ 54   0   0   1   0   0   1   0   0   0   0   0   0   0   1   0   0   0]
 [  0  44   0   1   0   0   0   0   0   0   0   1   0   0   0   0   0   1]
 [  0   0 137   0   2   0   0   2   0   1   0   0   0   0   0   1   0   1]
 [  2   0   0 256   2   0   3   0   1   0   0   2   0   3   0   3   0   3]
 [  0   0   1   1 247   2   1   0   3   7   0   1   3   0   2   0   0   3]
 [  0   2   2  10   1 537   2   1   6   2   2  19   4   8   6   3   2   1]
 [  0   0   0   2   1   0  75   0   0   0   0   2   0   0   1   0   0   0]
 [  0   0   1   0   1   0   0  43   0   0   0   0   0   2   1   0   0   0]
 [  0   0   0   1   0   4   1   0  58   0   0   8   1   0   0   2   0   3]
 [  0   0   1   0   4   2   0   0   0  52   0   1   0   1   0   1   0   2]
 [  0   0   1   0   0   1   0   0   1   0  94   1   0   0   0   0   0   0]
 [  0   2   1   1   0   9   1   1   3   3   2 214   5   5   3   1   3   1]
 [  0   0   0   0   2   2   0   0   2   0   2   1  63   0   0   1   1   0]
 [  0   0   0   1   0   0   0   0   1   0   0   4   0  51   0   0   1   0]
 [  0   0   0   0   0   2   0   0   0   0   0   2   0   0  44   0   0   0]
 [  0   0   1   0   0   4   0   0   2   0   1   4   0   0   0 170   0   0]
 [  0   0   0   0   1   2   0   1   1   0   1   3   0   1   0   0  76   0]
 [  0   0   0   2   0   1   0   1   0   1   1   0   0   1   0   1   0  90]]
('Model params: 302.994K', 'Model buffers: 0.000K', 'Model size: 1.156MB')

*******************************************

average eval loss:  0.4765
Accuracy: 0.893
F1: 0.893
Precision: 0.896
Recall: 0.893
MCC: 0.881
Confusion matrix:
 [[ 53   0   0   2   0   0   1   0   0   0   0   0   0   0   0   0   0   1]
 [  0  45   0   1   0   0   0   0   0   1   0   0   0   0   0   0   0   0]
 [  0   0 133   0   4   1   0   1   1   0   1   0   0   1   1   0   0   1]
 [  2   0   0 251   1   2   8   0   1   0   0   1   1   2   0   4   0   2]
 [  0   0   1   0 244   2   2   0   2   7   0  10   0   0   0   0   0   3]
 [  1   2   0   4   4 538   3   0   9   3   5  19   5   4   2   5   4   0]
 [  0   0   0   3   2   0  73   0   0   0   0   3   0   0   0   0   0   0]
 [  0   0   0   0   0   1   0  41   0   0   0   1   0   4   1   0   0   0]
 [  0   1   0   1   1   4   1   0  64   1   0   1   2   1   0   0   1   0]
 [  0   0   0   1   7   1   0   0   0  49   0   2   0   1   0   1   0   2]
 [  0   1   0   0   0   3   0   0   0   0  94   0   0   0   0   0   0   0]
 [  0   0   0   2   1   8   0   0   6   1   1 219   2   3   4   2   5   1]
 [  0   1   0   0   0   3   0   1   1   0   1   0  62   1   0   2   2   0]
 [  0   0   0   1   0   1   0   0   2   1   0   1   0  52   0   0   0   0]
 [  0   0   0   0   0   1   0   0   0   0   0   2   0   0  45   0   0   0]
 [  1   1   0   0   2   1   0   0   1   1   2   4   1   0   0 168   0   0]
 [  0   0   0   2   1   3   1   0   0   0   1   0   0   1   0   0  77   0]
 [  0   0   0   3   0   1   0   2   0   1   0   0   0   1   0   2   0  88]]
('Model params: 302.994K', 'Model buffers: 0.000K', 'Model size: 1.156MB')

*******************************************

**************************************************
==================================================
**************************************************
