Model config for current run:
ModelConfig(model_name='Embedder_+_conv', embedding_dimension=256, reduced_embedding_dimension=20, number_of_heads=None, max_length=256, forward_expansion=1, num_layers=1, vocab_size=10446)
LR: 0.005
EPOCHS: 30

*******************************************

average eval loss:  0.4742
Accuracy: 0.883
F1: 0.884
Precision: 0.887
Recall: 0.883
MCC: 0.870
Confusion matrix:
 [[ 61   0   0   3   0   0   0   0   0   0   0   0   0   0   0   0   0   0]
 [  0  36   0   0   0   0   0   0   0   0   0   1   0   0   0   0   0   0]
 [  0   3 124   0   1   1   1   0   0   0   2   0   0   0   1   0   1   1]
 [  2   1   0 255   0   6   6   0   2   1   0   3   2   5   0   0   1   3]
 [  0   3   2   2 236   7   4   0   1   6   0   1   2   0   0   1   1   1]
 [  0   3   2   3   2 561   2   2   4   0   1  20   1   4   2   0   2   2]
 [  0   0   0   3   0   0  63   0   0   0   0   0   0   0   0   0   0   0]
 [  0   0   0   0   0   2   1  36   0   0   0   1   0   1   0   0   0   0]
 [  0   1   1   2   3   1   1   0  81   0   0   6   1   2   0   0   0   0]
 [  0   5   0   0   5   1   0   0   0  42   1   1   1   0   0   0   0   0]
 [  0   0   0   1   0   3   1   1   0   0  88   1   0   0   0   0   0   1]
 [  0   0   2   2   1  17   4   0   6   0   2 167   3   4   1   2   2   1]
 [  0   0   0   0   0   4   0   0   3   0   0   1  55   0   1   3   0   0]
 [  1   0   0   3   1   3   0   0   2   0   0   3   1  50   0   0   1   2]
 [  0   1   0   0   1   1   0   1   0   0   0   4   0   0  34   0   0   2]
 [  0   0   0   3   2   2   0   0   2   0   0   2   2   0   0 181   0   0]
 [  0   1   0   1   0   2   4   0   1   0   0   2   0   2   2   0 104   1]
 [  0   0   0   2   0   4   0   0   0   1   0   0   1   0   0   1   0  98]]
('Model params: 0.233M', 'Model buffers: 0.000M', 'Model size: 0.890MB')

*******************************************

average eval loss:  0.5290
Accuracy: 0.875
F1: 0.876
Precision: 0.879
Recall: 0.875
MCC: 0.860
Confusion matrix:
 [[ 60   0   0   3   0   0   0   0   0   0   0   0   0   0   0   0   0   1]
 [  0  35   1   0   0   0   0   0   0   0   0   1   0   0   0   0   0   0]
 [  0   2 126   0   1   1   1   0   1   0   1   1   0   0   0   0   1   0]
 [  2   1   1 250   1   5   7   0   3   0   0   1   2   6   1   3   0   4]
 [  0   3   1   1 235   5   1   0   2   7   0   8   0   0   1   2   1   0]
 [  0   2   2   4   3 547   3   1  10   1   1  22   1   6   2   3   2   1]
 [  0   0   0   1   0   1  64   0   0   0   0   0   0   0   0   0   0   0]
 [  0   0   0   1   0   1   1  34   0   0   0   1   2   1   0   0   0   0]
 [  0   0   0   3   1   6   1   0  83   0   0   2   2   1   0   0   0   0]
 [  0   2   1   2   5   0   0   0   0  42   0   3   0   0   0   0   0   1]
 [  0   0   0   0   0   3   0   1   2   0  85   3   1   1   0   0   0   0]
 [  0   0   1   3   0  13   2   2   7   0   2 167   3   5   2   3   2   2]
 [  0   0   0   1   0   1   0   0   2   0   0   2  55   0   0   4   0   2]
 [  0   0   0   3   0   2   0   1   3   0   0   0   1  55   0   0   2   0]
 [  1   2   0   1   0   5   1   0   0   0   0   2   1   0  30   0   1   0]
 [  0   0   0   4   2   2   1   1   2   0   1   1   2   0   0 178   0   0]
 [  0   0   0   1   0   4   1   0   3   0   1   1   0   1   1   0 107   0]
 [  0   0   0   1   2   3   0   1   0   1   0   0   0   0   1   1   0  97]]
('Model params: 0.233M', 'Model buffers: 0.000M', 'Model size: 0.890MB')

*******************************************

average eval loss:  0.5235
Accuracy: 0.874
F1: 0.875
Precision: 0.878
Recall: 0.874
MCC: 0.860
Confusion matrix:
 [[ 61   0   0   2   0   0   0   0   0   0   0   0   0   0   0   0   0   1]
 [  0  35   1   0   1   0   0   0   0   0   0   0   0   0   0   0   0   0]
 [  0   1 125   3   0   1   1   0   0   0   0   0   1   1   2   0   0   0]
 [  1   2   0 256   0   6   5   0   3   1   0   3   1   4   0   1   2   2]
 [  0   4   1   1 243   3   2   0   1   7   0   2   2   0   0   1   0   0]
 [  0   0   1  10   3 548   2   2   7   3   1  21   0   3   3   3   2   2]
 [  0   0   0   3   0   0  63   0   0   0   0   0   0   0   0   0   0   0]
 [  0   0   0   0   0   0   1  36   1   0   0   0   0   1   2   0   0   0]
 [  0   1   0   4   1   3   1   0  79   0   0   5   1   1   0   3   0   0]
 [  0   3   0   1   5   1   0   0   0  41   0   3   1   0   1   0   0   0]
 [  0   1   0   2   0   2   1   1   0   0  85   3   0   0   0   1   0   0]
 [  0   1   0   4   1  22   2   0   7   0   3 160   4   6   1   1   1   1]
 [  0   1   0   1   0   3   1   0   3   0   0   1  55   0   0   2   0   0]
 [  0   0   0   4   0   1   0   1   4   0   0   1   1  52   0   1   1   1]
 [  0   1   0   1   0   3   0   0   0   0   0   6   1   0  31   1   0   0]
 [  0   0   0   3   1   2   0   1   2   1   0   4   1   0   0 179   0   0]
 [  0   0   0   3   0   0   3   2   3   0   0   2   1   1   0   0 104   1]
 [  1   0   0   3   1   2   0   1   0   1   0   1   0   0   0   1   0  96]]
('Model params: 0.233M', 'Model buffers: 0.000M', 'Model size: 0.890MB')

*******************************************

average eval loss:  0.5083
Accuracy: 0.882
F1: 0.882
Precision: 0.884
Recall: 0.882
MCC: 0.868
Confusion matrix:
 [[ 62   0   0   2   0   0   0   0   0   0   0   0   0   0   0   0   0   0]
 [  0  35   0   0   1   1   0   0   0   0   0   0   0   0   0   0   0   0]
 [  0   0 125   1   3   3   0   0   0   0   1   0   2   0   0   0   0   0]
 [  1   2   0 263   0   5   4   0   0   0   0   0   1   7   0   2   1   1]
 [  0   3   1   2 241   9   2   0   1   5   0   1   0   0   0   0   1   1]
 [  0   2   1  10   4 547   2   2   5   0   2  26   0   2   4   1   2   1]
 [  0   0   0   1   0   0  64   0   0   0   1   0   0   0   0   0   0   0]
 [  0   0   0   0   0   2   1  36   0   0   0   0   0   1   1   0   0   0]
 [  0   0   0   4   0   3   1   0  77   1   0   7   5   1   0   0   0   0]
 [  0   1   0   1   5   2   0   0   0  45   0   2   0   0   0   0   0   0]
 [  0   0   0   1   0   3   2   1   0   0  85   3   0   1   0   0   0   0]
 [  1   0   2   8   1  20   3   0   4   1   2 163   2   5   1   1   0   0]
 [  1   0   0   0   0   7   0   0   1   0   0   2  53   0   0   3   0   0]
 [  0   0   0   2   3   0   0   4   1   0   0   0   1  54   0   0   2   0]
 [  0   1   1   2   0   6   0   0   0   1   0   4   0   0  29   0   0   0]
 [  0   1   0   4   1   3   0   0   1   0   0   1   2   0   0 181   0   0]
 [  0   0   0   2   0   1   1   0   1   0   0   1   0   0   0   0 113   1]
 [  1   0   0   3   1   1   0   0   0   1   0   2   0   0   0   2   0  96]]
('Model params: 0.233M', 'Model buffers: 0.000M', 'Model size: 0.890MB')

*******************************************

average eval loss:  0.5125
Accuracy: 0.876
F1: 0.877
Precision: 0.881
Recall: 0.876
MCC: 0.861
Confusion matrix:
 [[ 61   0   0   3   0   0   0   0   0   0   0   0   0   0   0   0   0   0]
 [  0  36   0   0   1   0   0   0   0   0   0   0   0   0   0   0   0   0]
 [  0   0 123   2   1   2   1   0   0   0   2   0   1   0   1   0   0   2]
 [  2   1   0 255   1   7   5   0   2   0   1   3   0   6   0   1   1   2]
 [  0   6   0   1 241   6   1   0   2   5   1   2   0   0   0   1   0   1]
 [  0   2   2   4   2 548   0   2   5   0   3  21   4   7   0   3   2   6]
 [  0   0   0   1   0   0  62   1   0   0   1   1   0   0   0   0   0   0]
 [  0   0   0   0   0   1   1  36   0   0   0   1   0   1   0   0   1   0]
 [  0   0   0   4   0   4   2   2  75   0   0   6   4   2   0   0   0   0]
 [  0   3   0   1   6   1   0   0   0  43   0   1   0   1   0   0   0   0]
 [  0   1   0   1   0   5   3   1   0   0  80   2   0   2   1   0   0   0]
 [  0   0   0   8   1  14   3   1   6   4   2 161   1   7   1   2   2   1]
 [  0   0   0   2   1   2   0   0   2   0   0   2  56   0   0   2   0   0]
 [  0   0   0   1   1   3   0   0   1   0   0   0   0  59   0   1   0   1]
 [  0   2   0   0   1   2   1   0   0   0   0   2   1   0  35   0   0   0]
 [  0   1   0   3   1   2   0   0   1   2   0   2   1   0   0 181   0   0]
 [  0   0   0   2   0   0   4   0   3   0   0   1   0   4   0   0 105   1]
 [  0   1   0   4   0   2   0   0   0   1   0   1   0   1   0   2   0  95]]
('Model params: 0.233M', 'Model buffers: 0.000M', 'Model size: 0.890MB')

*******************************************

**************************************************
==================================================
**************************************************
